8088732293244606235
6587472842611284903
5568509779472113812
8781682902507053969
2267924349682602007
7592513286203857071
5061840551621150682
4094093872560533009
839187429296475103
8741162958018418856
5206120761867590750
6321935961670368282
4842452708459399777
3146769374244570766
154818584018134512
3334531175037531855
7197165335461254591
7509143697599460115
5924916059849107615
586668462392308610
7416123001272606630
6295092988887771142
2472086199963357287
4538571801497001992
1177069565546177072
1586644046022778511
7955312318932905861
6350751487589709731
8324251949780617035
2755689087363925736
6327085816003819362
4898326092514928666
4405570107474865767
8596406660952771304
5706771370740521964
744039817960600901
3445132722450100680
8136426542141515925
6150243692713312449
5276811268009203660
1883447122473435788
2272080458935761005
4984292927751960550
7957121853510139273
5974642385440677336
9198975768426985115
5092034158296614213
6554119603360443119
8739888035150537557
5785087395841467612
