5896358955358513046
1779281120235042110
2881060639005617760
5499991615272674611
2057909903460133994
7252074906178545503
7102506122751228813
6990155264863631615
6507800679503166357
3987827014520816348
75203836534193960
3931590007251420002
2613684745722214861
4613689335692475001
7935122904974215445
162265759987865334
9075072520028767846
4849553283873096111
7116919018151992542
8012809189514689327
1725921681592765752
6908325136485728554
1101034910533532210
7443154641459346274
2429668940810259854
1880687976247778670
6402598298553620150
7880392588601069610
7788952954366942670
1935114754988906873
1583076355271545830
2159896031846615254
9107597547377808196
5219855759136316492
8956966328394009446
7308885337025127391
5544696304839889551
3342749946418387274
5338981660130001640
1195303475309898395
6881921858570149015
1720054109034046592
8422182007388144915
2454829318557562226
6147489465096961378
2064044639524538487
5570451204725446157
3752118496488764017
2013669772319647577
8697174746956831591
4089351777426906936
1495450933119745942
7499235599326236348
5548643896089404156
3832416314630976700
3157066954091004581
4934746998500982626
7307460472059883461
3601116076238056873
4484065235878100418
8045130993447871001
175899942620086934
5783458318676042693
3556583218446928668
675045853764783325
8997833190636437124
7231620381694411010
4871572815104476684
7584583723989019786
1201931339314774565
8401196921790254453
426395051054506482
3847649428295801006
712963763449063019
1816385675024763814
8338372768801763205
4728441480781242
1368826214065935619
2348975264280253271
8702308856313318530
601552252660943076
2839982376258586626
1463559128490070190
1438527600010285883
3433326913111831797
368688472313800830
2843664071350093596
8918343859367978712
7746633761975086107
8019393657279388531
6800975001213335765
2643023778209754799
8677687886889433595
2174682208448355309
6633560843023991267
8404600950464229592
964906850124780991
7053858234491640886
50237796534086568
8071550579520452937