484806185843093489
5896358955358513046
6772603432636054556
2881060639005617760
2057909903460133994
3712956461027657442
7102506122751228813
2254113481559975435
6507800679503166357
3987827014520816348
75203836534193960
3931590007251420002
5627024181294474847
6989657577856155167
7935122904974215445
162265759987865334
994330792010366149
4849553283873096111
30824048316621376
1101034910533532210
5776059149618559180
7443154641459346274
1880687976247778670
6402598298553620150
7880392588601069610
1097547719098991402
3645725933736793014
2765954394384393400
1583076355271545830
2159896031846615254
7308885337025127391
5544696304839889551
3342749946418387274
5338981660130001640
1195303475309898395
6881921858570149015
8422182007388144915
2926988576649106557
7266774253246013936
2454829318557562226
6147489465096961378
996220742194859283
5570451204725446157
3752118496488764017
2013669772319647577
3597938943949921713
4089351777426906936
1495450933119745942
7499235599326236348
5548643896089404156
3482671870820097437
3832416314630976700
3157066954091004581
1560047900354856008
4934746998500982626
7307460472059883461
7244760881833984560
3601116076238056873
2350977328305175500
175899942620086934
3556583218446928668
675045853764783325
4737432880709734966
7231620381694411010
4871572815104476684
1201931339314774565
3847649428295801006
1178428462030866746
1816385675024763814
2035985087271381290
6801080017713078630
1368826214065935619
2348975264280253271
8702308856313318530
935244919715260174
6415475815479383348
2839982376258586626
1463559128490070190
1438527600010285883
654213137991327909
8201014723868483112
8918343859367978712
5070459466099555652
6355556400469774938
3684665069779683788
6800975001213335765
2643023778209754799
561228783167428519
8404600950464229592
964906850124780991
7053858234491640886
5295489485909061311
1831007283470653216
3613814623163443835
7209532250918726266
8047895489906253397
3522096950535630761
4575757282720863679
5176671310549972507
8988495717176105288