484806185843093489
4219457405427907235
7309940385334237743
5896358955358513046
1420052706459400740
6994672214887366847
3132326258768729143
3394979529978938239
7956536540478288960
6452900031824671063
8016731149625864370
1779281120235042110
7196266411674554368
3896010399170147587
6772603432636054556
4204471460018303910
1424665327171895173
3159643892569801110
3737635650877940855
1431348066566932968
546960236124654608
3941336756034580715
1503191614089492773
2776888858026346365
8110663468741290990
5820706265677719135
420292943029515637
9147129661833587558
5221797255719614626
917224645308210940
55411538136720492
7158228594698779781
2881060639005617760
2120090046821723763
3532658037249897651
5499991615272674611
7376625660721489042
6105563283321887062
1754007979673256872
7738711211195866853
5888965561877447036
4291706568640266163
7194306251949794638
8869018158643600458
5839509821751272860
4782248702426767105
5210833456475221841
6791828356968382696
4245042552790771277
4493970743770925510
4528391889290670831
7899493300157142034
697073105759480269
1284945672489363765
2027745333831851761
226216363256580172
6895378818991516291
5809399052914872227
8727485397340111755
657070463987715267
4559964496990583395
2057909903460133994
7753940112227685379
7965293553015376524
6189391917187610042
5130844505531187853
1221345081614209477
6636232377391960297
7252074906178545503
3712956461027657442
2008907309570689453
3937612914725950854
5435020287124189294
4855668352291734553
6181536930444734779
3928363649402512180
1120181360350854083
4275183120444302794
6617179428660612426
7102506122751228813
3442520487102279065
2404411545535534280
6990155264863631615
7024236687192545299
6469489248687525114
5192245877720377991
7420528211910559118
8650194206863455706
8033569224504949185
8619543593757090233
6013696950180590152
1023525827562816677
219602589878935038
868345193988332467
5300881956419103460
1993971700290982859
2254113481559975435
7335201056252104502
2202158810409137126
2506108877001422316
6507800679503166357
3568231548795854174
5718196445725297835
5756508426186236398
9126551470516884404
2280823119808743756
5397005882441633319
445452966031145345
1541097410654331810
5818100544690602936
7730765085791097700
1086328549291446253
3987827014520816348
1096718949685239825
1086256223848041603
7268157541739304927
1098181851266756060
2537210642284439781
592614219853408301
447894098700000972
8720578957111805835
8694841941272457754
75203836534193960
2564338243049378455
3035754826630143701
1815117622121952975
7436749116488122155
6835107565896807559
7548367792118511278
3931590007251420002
7533048769398230178
8560547988793028776
1607623748038801266
8831143984913122024
9183157670805661135
7785083115903125942
2613684745722214861
2180054235356924103
2868288887590448993
916250058151629196
7286170649172610399
618958844418947457
8972093099464316483
4613689335692475001
3984219324367216793
631372417048314822
5627024181294474847
588145536620783130
1698664097058828665
6733503664178315144
4439760097120997343
2688552278184135963
4524298854213712770
624478758625209731
8779624488381174878
4707406189721003699
4375845240505340207
3920562215697765082
1732006772163400755
315726012862746149
8914186743876754225
8539456522658358609
8841524803898367879
8975912223507807422
8877699908605684715
5071511174116497506
6120388618794471385
3198356265342940721
6915418773373662874
2368425410543488502
120444056262202958
3844362404513424641
1936436755165458133
6989657577856155167
7935122904974215445
14487336315588145
7081496004781944477
162265759987865334
5446949001594956780
5470892866029145435
3535191704097471617
8677615051692858930
5114925333385189190
1262326071859385825
8362696149246552476
1641961290223850180
4615135001983486707
6611199509778016686
3848688343875352574
81740943758694833
4695318278542285784
957832121954353945
5306301136559367087
6909460207986567812
8173597082408074501
7216567466696658502
9075072520028767846
994330792010366149
701306490824766434
9067284323766376597
4849553283873096111
1128512405209023719
6407538530243994702
6792567081791202869
3073920418893268118
7116919018151992542
8012809189514689327
30824048316621376
4263390196070078490
4301404520705906288
921194114050528004
6387065886498495637
4826293289927758698
464699170898985418
4544577845641422294
8815001534067142780
5461337097864890431
3352887706071910834
707986963238135762
5073302155938257463
3402862019919033239
8123008704797415248
691442983448347884
6041725746619886287
6096812685437590953
6931228169234785689
1725921681592765752
2860853286125819378
6494299470113813581
6364316797229653111
6572870192749863101
467087067000949770
5423196085002074385
6908325136485728554
8627409636560315248
549777429898715326
8221309322470251403
1170809877227901225
4223365239690842024
1101034910533532210
5776059149618559180
751030943611324568
7443154641459346274
1096632166063804742
8153107399273755976
2593931680134166529
3934885101500137548
7807270240755235275
663472429015597655
9106536935307504523
966786471490902559
2429668940810259854
8774447360190742458
6513344353787019301
8871628612202091178
2819281495569075358
1880687976247778670
6402598298553620150
2454485143998946008
6182320252838023741
4579049946734460317
7967646104378822329
2390032059988525454
9002908195934682142
4994797961489891946
2433350579938570365
6670187543701510139
8163239787768760558
3044330708934955982
7880392588601069610
5473479192717310780
6106332191492164573
8109369733328053104
6693392236214430756
6159112067129036195
6007410762998700636
4639064032199353395
5954278323996977330
7126055877469330355
5976879644498427651
1097547719098991402
4504543645338059110
3645725933736793014
2087656588410300268
3854655087467203038
189064594231161347
5589251576378240633
7571476372413572844
5293060163481531318
1945617192924329774
2123602577506114069
7417095877974251058
2656342832408036887
7501983404576658728
883445873842401181
246828511574727899
2416500972416637074
2879589582150537492
2006063528349779642
7788952954366942670
3921825843194854853
3989872286655245239
1265957531372781380
6759284160865339113
1935114754988906873
7671556443963462314
1865825788915137524
7379054168387948373
6214240663321087620
7106659792131686669
528665819482444076
2765954394384393400
1732197145985138521
1253666461284297622
1583076355271545830
6080200488907069460
3846337442037054458
114882691058234851
5376911714773256934
3827889232264515365
44607583953171110
2159896031846615254
4748740700814307908
2655217773432636339
8715257831367877956
7722407474012778481
3411372712614737823
7379636826778658910
1768842467139273989
7745894643300062589
5784087342677203080
7892203369040906759
1940413971453232832
9107597547377808196
8553021591802926714
5741147305303669557
247977815796756230
5219855759136316492
8956966328394009446
1929574251117977573
6737121645162310026
8412714358856465606
7308885337025127391
5544696304839889551
5737877309081583632
580050306897769207
1611350048804228193
6884011108768837177
8315818948943984851
2218053369362248062
1462542343036600008
3876993789682224844
3342749946418387274
5338981660130001640
1715503836052237325
6635128685825619456
1195303475309898395
6700717769147298072
4444185442361874222
2706853528638110827
3561897944022433647
6574115433683031933
491465863885093981
5396189831190462407
3277351070768679127
7322242709738092270
4021421165884697463
1701141865004109812
6881921858570149015
7507008430764700569
8632196118798345967
8834898887009856680
2688691723417866334
2738517867981628074
2511265789862084242
7815643675693331225
4588627869249047348
3061400776430458763
3046198220094609254
6508657318104184446
3258706227388105175
1720054109034046592
7281158018328925457
6293803910604840362
8120069271364177007
1942341374084256724
6499515724090290465
2068030274211218166
6855589009873361837
6872928588437655758
8888993508981185113
4633889504099472505
8512161849772311508
1677277441729743121
9185689698532761434
7259772847630536177
8422182007388144915
7808907162108688131
8357741734239900257
3306933286380213336
8076921402199129322
9199677853837046944
4169859695467203870
5796115484246513075
6676255532253608738
7410207989494011459
341685457141828751
4447847013600654330
1321632981399780520
3781101965587763865
1881689532072005420
1185863045659032043
2926988576649106557
7513690136995655687
215965690653802140
520847609340342176
8867378032812125813
1857387185356777125
8703761242952202777
2896922587136635777
7266774253246013936
1036332640946151794
2176373312256199214
3257845167062371681
821506458004538736
9002060426967210984
2454829318557562226
5237053852837218364
7281747756772484198
7092343570861041424
8249727768363235449
2928908540820845293
5155634065797271956
1305669530441207428
6835482542824954204
825299075019314203
4490150418499900206
7341109529625667047
3231203051869569868
6205973086544090663
2146782826177551950
9011653072741397522
2478375720063340412
6086593624808925561
6156683949949604203
1050885241046573085
5730629709329260505
7457754388614465552
6147489465096961378
3045858974946786293
2098405543643061807
6584774279488265886
2064044639524538487
2214058547091469443
831428611584845241
3545683159958231944
996220742194859283
2288822364778083041
5559283859303226978
4973681446555229526
5570451204725446157
4258470919630248899
5873659252179816742
3752118496488764017
4916067232799015677
7755438429200903678
973127916506800538
3400529506580040262
4508840455583218687
3406496692178059705
2247932249472378452
2013669772319647577
6307658889665157152
8670920795462954226
4519862835708859018
7874768585578605022
7062859662627083332
8829654926799320948
3731352859467575832
7880980300483023595
5954599609321277640
2883395404281543396
517136719136634275
8564577524561628550
1867413314912912233
4742499614718712598
3597938943949921713
8697174746956831591
4089351777426906936
6437068485221608354
3389691854650545300
1691753354805218595
1495450933119745942
5857410855422740061
7499235599326236348
6420806454217565352
5548643896089404156
651344323074445572
2058142851739050632
7107979637540156035
3718011710112544409
3482671870820097437
2263629793135027442
6863422214936385579
3832416314630976700
9211392128902243584
3157066954091004581
581245170800781649
8473729814260055550
126602307752492230
3517859029152559718
4947017161717900811
257230157710024371
1560047900354856008
2057831616619676570
3881729421709246658
8510268231616232497
2838936073217439499
546273947310657582
7074212662115483716
4934746998500982626
3393962569730271134
962088530037732297
1651883453960377984
7170378711259747431
7307460472059883461
6609986969007059374
7427963887066979065
7244760881833984560
3601116076238056873
7019237817356119333
4484065235878100418
3232893128986902445
2876931424376949930
2350977328305175500
3567188684219937145
7638983543374169825
6246814343585725508
676095813227816961
534941671550843304
4780750109058852775
176735568073790416
7034034188518703859
7388567769402258389
6394349124419339503
1506200190306417181
1886361402099492105
1028417983300268939
8504631604138646320
1412625257582127906
8197282805935392516
2645973967870134599
8653904883143575423
2131324121729714074
2625635834712973402
2015342324704285924
5650965573222459036
5924069996094479141
8045130993447871001
6294032730794733260
975645372956536165
154277027441289570
2463722492472664210
716637748109305942
5915044572292985254
3060971039773753395
8230161819370461588
5836351166089249602
6256865046827174074
2128893645416629543
175899942620086934
5783458318676042693
3556583218446928668
2783579671111123312
1279735794225859375
6719639018109551516
8547253336650161015
6159615041089664222
1457590762203949301
5976196045012991819
8415462191732476106
7934181451644745050
675045853764783325
4625178069102569299
2457722933446792151
4103111770790235159
3032898023613304555
6829293326981948504
3132309177485551448
5845194309755244808
1138777869632806571
4914202650188775850
8010137627259526282
1716251584704604317
5070724081666207461
8997833190636437124
1182810408638935092
3429999975658240282
2831478674378419128
4737432880709734966
3409243616945127908
4172785314496107651
7803746530161065322
3809723292380000662
6631683235549261028
5172540030300177951
6523363657361551599
366546950456685783
7854909003870173453
7647643279390769823
8233163957713706476
8004287299788738006
8113296540690882397
7231620381694411010
4503733492056519143
6609754126277068368
6973550775132098165
4871572815104476684
7584583723989019786
1201931339314774565
6460212873301710380
7033540364010614147
2477067465813550200
547180911404055338
1585500443654294912
7088048496610292292
1928380742106343659
5226621149842622280
2690948465516061066
1686578938920793109
5791074094006686694
8401196921790254453
2656548465167492175
9151102367855835738
4295853618446347286
426395051054506482
3847649428295801006
7689480135212600788
1178428462030866746
7656869667581970047
712963763449063019
2836219413720441105
6974055783800157275
5706636731170230318
7159814041847825095
2334365344839014802
2892752749106797090
8696373174663055765
5959818324743255708
5486248624888152684
4015169129215266713
3139428762163247399
7770245640855759526
3086995639747016026
1925565047287435094
2787207587017210838
7608709193610540314
1816385675024763814
2981962011421875449
4372960996609372277
72823412919398911
1643866104477745492
4050420192578544314
1157758278072445694
199783684627541218
1009329334035488041
5047339105027539103
2035985087271381290
8687521127316117163
8158030803983896606
7469747532716794404
8338372768801763205
4728441480781242
581624739489101871
6339592064728937530
2319205230310831890
3134357658559005408
6801080017713078630
6060105862066626574
4390412346531784986
6843027915208575914
6922454234965310005
8355355569268189593
7084611764878402411
7743583654075668864
3216226146902384036
2617224666422388236
1368826214065935619
8929521904677162617
2953535993081665057
4645022959390946308
7825326104095328448
1470078557326374182
3740162359428442526
3684535269824062872
8285117535698031753
2348975264280253271
3975274839575943657
4021724097472332409
8363122017788768817
6574903772218922024
119897458688274054
8702308856313318530
3868157216643757047
7328445132515855167
6864840839555212836
935244919715260174
6415475815479383348
8864060924223181199
5415553966649323071
601552252660943076
7797738574598827512
8788924106981240890
416872850079204378
8723979246131651643
9096140561569594849
7675496026137684870
6559191811748071680
4619502896323765231
3486541400906986864
8534403175689639109
6293501777989839226
6010607290661574985
1030152739377442828
5863975660446716927
117745985243628431
3464333880771526749
2433285838480275384
6557128131343432638
6755080806047528183
7143343371651169952
3805843386166017263
5283986649232250444
2839982376258586626
2307959174585355826
5322372937007819877
8345698715062376315
1463559128490070190
7690903095547293773
7848486394566945740
791850016770834241
3845051233073131108
1438527600010285883
2704126852780398340
3186607520115804669
6116048969059818561
4378493406153817598
5837566986659487340
8599294313797407771
8046589387606630279
3433326913111831797
1824437270837670213
4442679396454919879
1949396387638152959
654213137991327909
8201014723868483112
2554173874980274871
7140139910867026737
3980708398661080556
7723904293991331449
7168382568487818042
2606910405105579165
7045189531280387613
8351819292509362076
3401255261933256825
3333866890692138828
3871966320414109499
7250397677082026050
1628725615014269399
4541792717022695944
8355499745748485724
3072980530516483381
368688472313800830
3009349267957075568
2939316534322238648
3136503976763602024
4905925997644389595
2843664071350093596
8918343859367978712
9047122313644431771
2450865430526234187
4216240919987423697
6571771316947350213
5929496371864301241
6796471682941147806
7746633761975086107
4249831231555970438
3732219852255548223
4587823403628384210
2319126173447897589
5070459466099555652
5880428103429782152
3825382176523833283
5432536325377399297
6355556400469774938
8019393657279388531
6695579144124985278
2296630560387871084
7838594911531166274
501211589154508823
8236139709521159087
6637190766416997535
4866826365268674074
3646689053439317721
414410788401881224
5996334230643420599
3684665069779683788
6800975001213335765
3516959000931501053
8186686447824245319
4498216024600253095
2643023778209754799
5651362098294374020
672038806336623469
8677687886889433595
3311771977785034547
3064188788093872672
3262071081684778169
5975204130427283240
4898569410347107363
8294233035595189353
5779870018545219527
7514551828063442496
2908347216776063619
4601999066490525412
8639084066418726848
7434416657515519264
3003871023609447645
822967574571981086
8461901771527921117
5909854400531937259
1773756643538067397
5082070120232774771
3273551125133680624
561228783167428519
1192848380059502386
2174682208448355309
1884762415781669666
5674252146354411709
4983010050860117191
5147189068923619306
2078165204245637166
4404794164732217092
7236577739334927489
2215629463517121873
6633560843023991267
1474996575265577785
9004773104885461076
8404600950464229592
964906850124780991
7904828061681143546
7513366878319781368
1719138483242441861
8321500713193783656
8785129689793418102
7053858234491640886
50237796534086568
8071550579520452937
528993145292696088
896537977050723497
2007418984599069257
7921435480441783118
3911822876444709062
6598061539598405915
6331862430865486575
5491290449381409173
3281291224666123180
673313926429405511
708431186639476854
1462875791624996305
7228345840310751100
7741422616598475209
6051700102410823685
5765958589392410613
7519046226582661015
3138712134424798231
9097048965780364965
2194001664647153836
6958600754737584443
8450929851630115884
7291793470805317430
777919692030954441
4914965342775311293
916028273671456426
4837062293153212024
794472218690671551
4854007151030482606
2813894968506161222
7783030513347930300
564464032245396234
2921367915413690797
1151846625078340051
5295489485909061311
1120830746150202951
3604326862911389126
2221523193452007304
5299866215504955800
4046776591157318201
1831007283470653216
4912592102942979146
4455573673539914043
1424090486170161596
2642933237880791243
5227964567261707718
353607222606069384
6297965496771691983
661146353992995780
7778322362354005622
5410715224794362067
8175031807922327670
114651586641544730
1384162280152621067
7040550296483728679
1058163667006516794
3400524700812648585
7824695836366014719
6420008486881471352
9159239853155347578
5160730973135297782
2712767415952069428
7398667868225128152
4254927013527979950
2843180993340212396
8527743802982858908
6757314054353875142
2319426915218945629
4941874763396800267
6686532768112822396
3107381618473089926
906803437510254829
3613814623163443835
7209532250918726266
5558851587747683124
7444167492651460976
2898633350237102110
2422699705426956823
7868623640891392293
248190855949307111
8846942330478813293
1062161683999564173
8047895489906253397
600299610442222046
5613180691178102570
3044947795544679143
3696235456130270284
7446513706961990158
3817858461301614626
6942106103458350124
1014928046164021185
510705458563727848
3040135672844802662
4046868294373026381
2093692288745503882
4548851557319315768
4480737597258300102
6463327692682084252
8186402839734837920
3789186875121848179
5653743100510476312
1457721676220867060
475840712019123744
3650841025718314417
8622805858631269141
6466790219389752060
6080771263062349477
6574101935167163121
4584332036808948677
5674794414783147817
1955337169172745241
1421320792215149381
3522096950535630761
7753655319174739910
92119917143429448
3294586069246507074
4575757282720863679
8404600097648926632
2871883299908380776
431442600068188267
8708705767304708231
1808121451836985711
2881614359132867912
1174751335351734348
7040803547686414
5176671310549972507
7623928353328226668
8988495717176105288
8011267947918158131
3456431600209143805
4712800614261026212
3746046701758370792
4862331082576983172
2919199978827028573
3609935870518607058
5389275572043842202
2199783158029332402
9050076826560551688
1671567667674803091
4702436694419425921
6318358161274184289
6257575989986420168