4807266107042447276
2426148207186105929
8054549982106518825
7873487159017218230
2137296428950453272
6865120746294235115
6595236951958789514
1016837619625071547
4917329726357350386
6189804065676927106
6882708589499600059
7734558892240413065
8868012602902497519
1236961339170816267
5964731560006273288
1387658705996116638
2960203678938796154
1155048229447913445
8855099713152209038
3132995683134896921
1973719786433977002
2684513049490141182
8689413336649114504
5298757129925795681
2173963031362845406
1956524261644713762
3892414125885946248
603205864084980883
8193008340662326377
122874114005238332
8755639602052427720
2315037600262468575
6232972233804958990
6146111495288718382
2249019490062184076
5855416722220366021
5220925920768447694
4401937770568633670
76714025369039514
6342361741148207576
7397427908856381756
2611429288962258966
2953969826676469171
3212590905447488542
5148197882604997281
7877956222764308198
495924763233412966
1552936496853785337
4841613598926616226
7536018226722791722
