8565732124124078025
7146378262046976037
133036193944866457
6988845535070087904
8341801725958782080
5042497077715438283
7531898819381878944
2284757098791215410
6491514238619338150
7274981269441011911
8828525694877851705
6427113496371438561
8191482950398557659
5247798931002867706
7776018080998429511
7506832051642916670
1314179584801058827
5804490989151331367
2089023998731795632
8139633553087992956
4836926408580096632
2176052231017025114
7016172746739141970
1702043047873665763
7268625337472144385
4802002073324580589
6709804470553846696
3356107625089770617
3436902837395713983
7358720168447875414
5356255145648243183
5255874409159198460
7657272973686566277
3533451453105494467
6205758576932739893
1352989515824390485
6353364676226280727
6644168876346278633
268099302502039162
3578240430114640772
5195021021051264100
6167950197225503473
1642385553524208885
9171045333012821532
4660396691642407750
5555705997547227759
1024547502012439055
1251384753382119637
8981452645322248505
3795626964776810427
