3020651354771031724
4741909940190340468
9062095742616493559
6202157255191984040
2656713835990643962
3376178052778844367
1015666858072515234
4273490840683763655
2469114297780047343
109484690890553723
2043599279687442954
5324351544838951310
4715441191242240217
2732606636724419715
2678481795585934373
8994002616510275151
7199596626654491424
7246024507597535633
6171595394615028544
6575300581943066482
9016146187055029116
3112507009865928546
8545360687268521792
7951527940398309115
5606926337500983523
9192355143000844613
2619901111316063107
4945905538185560884
889216767407616283
2445946661129521548
9167027765709542715
5997519932181669356
2042673520555870972
2585070860389378541
3952397741194841518
8964402490194715697
4249426077420582757
1663606621691209539
3060145389916975904
8917960520846861940
219343312121442985
9082372140133976696
167696059182783545
4945968527691019117
6355141360465754421
8105662375017617211
7127918644150791309
4958437545124986321
5290238498535753261
5979634811178771492
7006172209783278550
531425083114221217
6280495461465940752
114711022550295584
3842370068942749367
1088035819587346548
841853982439325758
5966520726222489841
7101084636998096595
873614941626531482
5686409804592037278
7547525532429207655
8721055318891389302
8072336043955885506
446040201193380976
2894176740556700694
3949738829400508940
73356190268714462
5095951213610455502
919135226596714573
6974785806272861900
3446647244996673252
7711954991338330486
4097028313724033209
4044674328138059369
5372992284394848763
5349037913522882695
1404061537831225077
1874253263688080556
8187273689192105235
3874651850998455484
6578763289071612168
1784808084014977424
554334806728221113
536537937115175781
9070421583953670979
7471034924626860572
3879941284403442379
1404449013328787821
8592957114819071017
5358218970681833935
4123051176760148029
4595994713503915118
8821017039797068583
8583800650571140317
6549964974567595981
55440270062084215
5214076482059318216
8734010871899927580
1731634869296063390
682096396857580780
358016976675159821
5633110823625804688
8110571618078842751
833971104929460413
9181926125509982866
8048935354125373195
4597435116914139089
3167179724479793134
9084074348450077572
8751392596959055487
2210918237724630531
6400963514286833064
6531783922160685593
8543204242321715863
2575197075901412033
7917337234425409262
7299067336983913524
8250014955161568918
6908794080856312887
3300241787095801807
946741155528837462
1011130234436301559
3119245965298405505
8382432492526268242
1194938655785450972
2833712548016000111
973125309017854714
4663912066946939594
406224810434995813
8946710626962236228
6777337640324024255
2598473078081450412
4467166570478372423
5389456177026880502
17855421091063318
8394585437057767337
5382032534935390937
3211354563949816672
5347104616703932983
3312345013086882629
170064868079828697
4387734145381259785
4753720164996261552
8402748710628159397
7656134333971149927
1455833239434829484
123095730365511087
97712326008138843
7487719158603224104
1943624190643887972
386348763578804491
8046088347360300968
978399676439252414
1231630280332781816
181544712445368422
4386641355243824293
934723816519630877
849251390166151188
1203046651181576363
3608779021605985061
5901972390663442271
4154700490536822413
8285687873944718255
6494272155438779355
4973103310129345361
4727922750489359990
1488032979451105859
748015905157911049
8910842043650698150
8504002889363436136
260327442800424854
3097596502785418738
8399440270133843433
2392381546463601404
2061301811285048241
7872636217169062702
4358238804507896415
2687524884494477194
2842526564021809447
7191887387431546768
4404571664128968800
1315792145395074168
381961031614646212
6877348888344538768
2125467379513377479
378352350633303836
5955317286154835705
8344960731172843818
5092650581628524082
169517866980986347
7487047969996291019
3367107691581629262
7310283919760198248
3663777160120440516
7251056666050420997
4348562559548115675
7674115388089954031
8945237246911034133
2547258266129240682
582235283357594877
2263537849235556308
6428629492052361105
972576311650455528
531352937123845472
2428240190273127991
7291472444451563509
5044036706616081469
6463817618049905142
2827183270046416646
2966743455581973849
343124326837668796
7098296601117733625
9143735420271824733
4567837745354995759
1577950392808467140
5078666192520366311
610264892131649909
4271580978625953366
2234310971572836379
3826211185028368253
439077775440916993
8659679270948626487
8002501116131799689
8871166284201262196
4903275824443252585
3333206756076059731
8458005860565703726
7302991410018742411
3689857144588284322
850475284610302932
5716756707858621703
1976975774669397296
9059661393930790900
2521033603970371461
6249420954546197090
985560365056101937
7127940073444425388
456078269624863203
8968068753847080619
6705297506962536230
4720408107717985069
6265564176021921984
2384610085140008289
6665046003838018585
8834197727820815429
4242029425386812702
7882791758745827770
7620978613740854506
5294331090596333954
6440559960228445698
7196078232631094344
8079043155216104746
6635780707383833900
6250363399173653662
851229392755366835
8380200168820781358
3619635003983331964
6653044075180691698
7215845622477258179
5763261940497472109
4156243975052744181
1342291183894069466
6504950965974136907
7698901712740386562
3996624181610713494
5980812422310314691
324750915971372863
8010365193021586591
5601766781744835677
6964642859788255238
3737454530415052029
5458442296418659886
4896646097046872691
1583677125618084178
558260022078615746
2990517841743060058
3076606146425298887
8662012791769702948
6354716525003732707
3572390233637978655
3868252396289085774
3840367276941799622
1350424043487287714
872297545028072639
2410954862007090612
3749777594399942652
4985751361068922513
7234258849215067200
6916410938242817260
2496618343427056484
3011080851010148516
4466838741019426802
1950805327457398686
3553574405651212245
8463290596161436882
5094509502909759525
837061321720300542
8543080565459426839
7777633503459879001
8045932009770514901
6819941391545176519
7374489819580751204
3272229211436150679
3798179187746337937
1386282343945741179
5345016584479052291
204987619510376708
2378491784158596167
7579431875723063353
6101165862727668660
226047413612922836
5718504713691847289
4689057928986472639
5389475123555736306
8828552110052557033
2820934897248354007
2608512827848033398
8486069053253493555
3291158795591114446
8594293381554508
3249730119346661487
2763332761384242770
6374260769207209304
5203678491763539158
341604183186723898
1297156365263474221
7979580405257969190
672279706526777038
4909686683705364882
3323193818990109523
1462560673964266550
6219800067516898638
8191708684651367700
4773354343989015775
6865869487052389051
7604454679268950181
3464151381041001052
5303403965596479664
7133594130864086525
5924360230772374240
2476445794325007259
3695519668761950130
4184162167530236957
5212812964890034613
321177615618687989
8758969222282530909
9166072946353982761
2091570377550675016
5081448077728094243
5103436970979316326
7078999737682502219
294780346831807829
8088521599791089928
8612185066526094311
7312867965818095333
4600415316262682113
8521022495001800636
3253899866398648294
2443447053574975782
2300619707005554904
7630895689887659832
6760150467095569259
4274791908788003655
7975400456141886788
3745011775293320031
2399257705104788121
8043691937586633591
5185163925298509414
5922500881074873672
4103116391130002120
5702138993205815742
5345762140317057663
3689688387022647267
1381188646039299574
2546704063697575442
209846158035418581
2923360935602388309
490447931494523742
1490029999965284932
8766932072893213397
4490430618829751079
4025757020453011573
2202849375860450271
5921959932077609413
112079982682315064
452533009925908540
4880277556511840653
1791931626516789355
2210521983676091802
7462845556427987125
4592480883445487781
6969795249311246812
2214544359605350139
3900800557260692542
4077133560647711098
6604770627006835674
5332120498786721230
8121280180990215785
1639149161769907925
8811544880396085523
6418334818451490638
1773516723311559762
6772947626086362866
8586006246509650799
5877067928012195101
1670724510874563028
3072191151875752849
2164366750501505947
7961872026515088971
3970599838172688229
4406414848525913028
8779222401003061229
5438117936874929698
2872922597324796122
1110934299646734530
7818185145592206916
7048600887387417666
7894301050678447722
6584038306811888940
8566365298243612042
2038462719426156747
9127973684211355863
1668520984697990032
1850208027036580615
113328543086499026
7544926682098695935
4677575616756729573
8390432720838899552
1588112153591420453
6286119340494362879
5919030339732662509
4656949844637252303
2487655824584776581
6109584496604834081
4322729660409347003
2166659618839948234
7287031061185908786
6792750096596535715
749691199073277114
7803304051281776145
7619573107150987755
7436209342303086330
1859511894560706250
8896894642160198639
2749698651884311654
8280490387464349137
5456403957678998700
3228429215233508501
7173500974103625306
1052104750737827554
7387460700638631701
6586683516985207405
5974554425790409796
7525325937824547936
2061760561583861811
2962597714654823083
1671047427701576535
4094352077709889771
1299683713443036624
6820434895744889110
4161280031403971184
6364376108045601538
9069029501457444340
3679295011830217975
652029084348870230
1120211490814950006
1056726688619781982
836173121485414079
2270337302843342943
3337830502483827908
78313045120320128
1286214704591914194
2851135958178212663
4124682932046030385
2999891155845315301
5547415707906290861
7658945753121169450
7804668677646922842
2464332638254047839
5044558732944963731
4420510339063909827
6863853135310195763
6403415152163331458
5706146091581615661
3152920222484600163
3911886913623976808
3275193007697825944
2879822989687226160
3146705480330052837
708620237955030351
2643458168256253492
8230744491088492846
6113009434921145227
8311528756250382357
7428455162398234095
5184194990563410622
3851873030160455311
5369446914772972921
62988655600865872
7219944419855828120
8429720481499314113
165780334202871098
2781441398406398246
441268746615336086
7351034854797333827
5919892515179019355
3551928096840799657
2047157026271029281
958434740775073144
9139392631052047711
9068940358102779600
326460733373750288
7145425268275766452
6043824167126300037
3256757998449638682
7958386275466095158
1258040905526331145
8391586276977866594
5930019082610484725
380053516099479898
1346629206733332133
2319755527896300444
5916120797155803942
5475845470728586670
1759232783320055467
8257908801570909960
5953545537087095018
6366950692903561080
8703987263442122179
2818346023350407990
8820259419763337340
8901909114368051095
1123770500681927399
525897115390366186
4573069168363952843
444442826281500636
2588111584896107069
8116473389911667656
1473095996003999232
8278305135295650808
6769813935237314644
2460269281205093623
539602628312107329
378249151911286875
2594212320916771009
6201149363489095051
6392263907496030129
350459488393102625
9015535162172935251
827745382266524775
8853360820391003320
5830064911391199008
3861627699411911153
3411656801939789456
2227255737073158046
3958248675177425753
7001112877308868347
8070047826829386938
8812981604618362355
7055056367831748053
8292820577617783574
7105003766503052944
6511349026458758423
6852511333272548444
1031059289285585119
8777102868187739754
542294988204341367
385407808422579277
2880832605051536722
4590986701184174068
2759270879099124975
6284044520484283435
2287231511558263871
1079436673506263480
3060711698212337418
3347603207759590059
6685663043723087080
4464823204689911052
8576857417152769928
181103054710831889
7267474858390077362
76851189875431275
7164395513295411790
4650164525365950522
6665003188570635430
6487930975213961917
1786060527807942050
7372905786759327312
294154453529130900
8792518246802325143
3736059361157012514
704817991469530518
7789091898597763963
6774326388547342201
5863428259140987899
3702944639396870860
23195647668372478
5507091912096423036
3707995040126018817
8296353596392798012
8362081512751098405
4586167222739456782
3433561366038190931
9119701826698888829
2759707407355487607
1805767949398169777
4454569895758895391
5300239212942665105
1811483143397342456
660454809059147162
8338977513579019576
14749327556863751
8341784225915848464
5947005250453823081
8867794163803572741
4818502888218401964
3027055325607350151
4277679287458431459
1286622835036374805
539992441846953885
1900582620335202122
2428841688276632505
4728666603631992199
2939420003928144044
5522280875361656161
6819732361965321846
558536117445366936
4521150314663936329
1095030871166914616
7534429406391199199
2975164772222273106
2812194441812990443
8545036889503303410
4769412992324453509
7494960448686633988
2913992869759162656
6377956702411433243
5728333015132845835
5837105758192244827
2244450221131052154
92806402141328471
4809051214962876662
5649018529238068725
9114753617119857290
5684840405035239525
3769906327076809437
7142337644059202262
2181620489892535495
8737875143416985331
5262468541562021673
1022812761494996990
4962410223892494734
7453710333011935055
1220755293418691534
7072872528944044724
7484316326491159169
8444968320518047923
8993869120812048904
3915361806399729310
3038624199054391354
6899098968681106126
7649297734781507990
8316814840684065094
3054648939078757906
6814245235937931302
3666627784542232739
1368147915691237142
6625479228740856421
5721593036140674432
7962458445842847856
887569064979277639
5971647176750000784
7274378556577104341
7981344685622830951
245472832079382599
588312128487105507
4978718781190264437
5477815551103728541
987011340451609318
8313809408428817204
2686053877946019615
9101331337080997825
3848268127484057277
7055997320538975195
8048250762364119072
9186764755894608574
6665520294644202657
1140070495827742221
7337837162533194848
6110203804210192908
5912612190595982040
7070006148851775621
2047716922718275086
3519393573933644959
2734802366465157278
6963074553717024218
6318064245609848661
1861242587585941837
1984616972556075890
5156121474559806634
4501542828179242719
2512668544228946304
5095096262873627000
5239442072432195865
5508324494506242004
5419365219975432006
7837975397850739734
5643628397294681007
3629699950016155684
9018833880472177827
2749585059149521731
2971203673528820315
3904583933882477922
2306898339774803620
3149092466991182749
7567108593243565683
7959549573275866726
3296660214879704938
1675960078436579630
241314679303292332
2103105602908893002
4011777257832919540
4246773877384960061
7471773076462095129
8679644527089188215
4524406682488967312
7573852149013666081
5744232085101578908
3555762373674077090
8820767503692607284
1243616247801146016
4211326724027869492
8933668833959737145
4194873462744873601
907167675427930124
813815831252932356
2777303136872684376
458409936258748677
89920807322575394
9196409522448445016
8998029054667356542
8637077953857142191
5321049889384088153
9207685666511102572
3366266962011294475
5768253046099423613
6462691762199963515
6488630896677535568
6867151969674881608
8998907980156756764
4183183603276515966
7878222188482404830
5083808479328266979
3371816584531119981
657433134992248967
8637169630742465141
2850008972381903404
3591233617148612916
8434509375614135894
2637805960835601918
5566175566970534038
4019333560832064382
4814376923316642838
178975357217445504
8861696108015304652
2972112488842896783
7282804879710801581
1105009734095323429
7396982493214864967
4394546407434947008
1950176863736558671
3528992348567814482
1608904955539315288
7729668727604016562
6450632172350894888
5302893587177165079
6096369116630316042
7408738485448146959
448827516291805423
7691496468841238938
4788624052533615788
290449925174790410
1228667990187937194
843381257542833868
6379540862622081235
6009538901463663595
3594214066750062673
3791345362805473529
2707300266630383996
8922811931666396715
6616649965053826888
9116017106060462797
2192237561985996419
438227810881705738
431150506242338339
3169959059665952817
4290811067547821932
6753028389378019472
8300044630125575503
5939741869689616802
8043144984750461652
5929945043848260131
6514894675577484672
3906598835423134788
381810478045072823
8553507901606634299
819324448416673389
2391395095868940880
8596240751652337793
6813495124996152760
1448253795243656790
552904345170322807
5862963643005351366
2104134206376262569
6846121109292616885
3891811098826520852
3564997996327506947
4509361959785199367
3068716994057505993
8015028132963353747
262575638556171242
3488434408193889240
4449325787593123333
9003006768931378004
2206952692681920373
7951512296053151554
4560682315438877754
9095773529174041580
6683351344257082941
1435579770673405281
8373057170191263168
1499270897166606795
1035850554513426233
3088496585640375586
7593060442355922622
7050905888708090699
7366889988389049853
1824397019920288927
5133425121321296827
1838609973090302307
4381642976695112169
348077150416523024
3548886506790754121
1887851725529793302
86107166229446518
4755367759917014370
7954695643968360240
5409589181238609469
2034338794399009129
2665845334297956324
4046821170257895248
6885749977359758157
3278762110145838251
8391642285997619586
1922928783164576507
6235720388933234303
7118783667122873600
3943351676296428607
3338813501948034062
4893889121440502969
4011144836240218386
3564900284202318886
4822840387068457567
3911626846750409072
5706222314714863775
507849841001386905
7464885142367121295
9091003946765592366
5070322593149660391
7945268522109982968
9212386422718793955
2891070869627364856
3272412009681611893
3710646189411415356
171145336775221306
6328898119291704716
4601957489763927721
7864087814886424636
5809392709976729684
8824045047573392480
8159248915522298113
6005299203194594874
8676159737263428850
4379765482712265269
1954676158782651216
3127190716164203837
2398307795703668864
147715732665520012
4664440077216609112
1080887842054423529
5731094844751077483
321201290165699439
4040687417901914735
8408142360834722461
5488300094096160988
4826340489504162358
3800466385223212545
6609926681169344388
4254264837790995439
3914980393731713082
9087641574710826806
8415314702808079289
8188431856354665177
1235202766181862150
2619699801895780560
9086586565542417807
5610599525133336640
2926841515758417410
1992919297130377628
7462689157542614305
260210717307329767
6079650090453737839
5841389339970758494
7614778446400974360
7821152440353254741
4582874347104949534
7204475405099648589
648771154848616642
2440766911345762439
7639860822851030187
3217064890784341797
5398137712320031090
954131320908231539
218754576717425284
3358630583654056097
1417852037746105326
8606912071321427288
5166234491068009843
4834981554009139798
5812029096504279626
7174573037539012767
777082255904524053
6220204601069300422
4021962486701798296
3270502638566562854
3039563094965331182
2000217087319634278
5903749909046881684
832153433833722837
6580380129292458352
1178881091462181929
7499941780346660054
1393181362254216850
6796346864207222385
1921395706120432167
4515891683383803370
5353137201403982304
852228024123686926
5598426553904314563
264928686769128271
8236849106894077749
4770872901821214208
5320450045063663811
2920236544544067736
5337982122351151167
4479289251237770903
1470115382011384240
6511597091849185745
2237652042280800032
3384930976571528840
7774691448211852000
2589116529985696671
1058148338426649225
3921786733705665722
1555912028503555952
5669614435089435526
5290385443900728304
1565316402071204673
5684442134349997874
8578899409364574609
715772453064411413
3437266073852615477
4809169611776321208
1361363261180089080
3741072431603574172
8959035849130701671
1752735871048443479
983625386636574455
7291300066409852557
5549777598097235145
8180192419076360305
1350403811873058465
982042949774051754
6871513819784855220
2145559706655947838
7668470219732482417
4865856408426203148
2416683257193811460
6497685874073456876
2982810002012681235
7410557755690593186
5370060136043516386
2187439740084195726
6671690110227836063
5634038872493203073
4040910219449780738
7552135075370459668
4171459748527869978
3753245649646150608
9021998461928546949
7075788017958510003
2498740324845683653
1880748618670494160
6283617841422801918
3339782377525458125
3096378296131628542
5856585855803060363
6316395921612840338
4329412695704979743
2326950097911381116
3668370494147713010
5007954598649216817
6172777409064557206
4559374787529715539
1756668911507976526
6427187437102897749
2793564754708168808
3960870549220616242
6299740486528261832
5455841905507987467
4086952667857353964
3357071446769632269
8493747504516261738
6840144725353703737
3464842124192415984
2955109743512215549
575909321840477512
6819143496969506733
4512138339196060695
2004063701315089763
4579482759355303321
2928537921427721629
6563487736689794982
391667599841404356
6285353493478026148
3653411660198028748
2428027044922546837
2469677472394462560
4203790169028749017
513546030944602267
3638878924727562869
4425201031931998968
3144471743450996136
6708877621965752764
843789020435462216
6823040615717872520
6239499204163811668
8056596445868407635
2712395564280172826
2260209176475817557
8605289413381012223
7339765456340478170
7690041609672662750
2471823621648242101
9047258705750669397
2860705512209821077
1744334043679200540
8750991954529140378
1139500212364178987
5184503231638265286
1137733370115515591
4013749299154004900
1377353164110506774
499583207725966644
6417718420742209711
4968541810018134274
7788293818132196886
2790518222040957477
3477692638926969667
5836722957887700196
1057570740395113196
7167278855987742466
6474568943339466653
6238943021044410322
5554294388793357024
3414309772883428733
5105377701274418942
4552719985815761507
4256985450950950264
4298320024884102635
8813748804541065259
6621760769888217614
8865718044511256388
1909718388845422842
1818415978169488392
5137842391597687766
8179839380226199663
7264082374099740225
8160472602305728641
7555684910527788109
6602826699754364414
3961574966197741185
8555706920888615235
3091442589207156937
6631404780692233964
6415292339798372351
3272191453620326617
1329149397997179045
6788059715882353080
9123590389223205809
6306327373416662803
3478398287393209584
5949251561887588435
1300167890992631599
1972782109895365096
5775824325460323172
3554794742457594648
5129648463082162544
4687167110935185940
4943926757913482949
1955126386604932784
9091509917890644874
900207519798176303
7533298943931666815
6776808076253545107
9217901954625287923
5043354593207622677
9178256600983894822
4863126301229727342
6724150616779571972
3799568326907147022
1285492780146031354
6274465288716977772
3683102187492766521
1491304223889936581
8414587669848873701
351894046957258650
6449789680865975458
8142185648825377518
3936294745478758130
7515341165076494240
1420044738570712775
1027827055886862059
7444780980406335277
3860646679723673880
7034468584268874135
6017179781801436679
2332383562316766037
1012762177025506254
4647110829493521640
7779925343232028353
2730778347562107755
8438888750189068600
2651362331515182245
1616495220209480625
5891293544797930711
7924103674469578375
8914863232142641008
2052835416382294503
61577960653229271
8597316750026966565
8621240003032323371
6015607402071510572
8578570147707968519
3590050852752315483
1260141884216158287
1478890001704796175
2788423594008878578
6366795250361861277
7363502227723586666
5382420606045836351
3591368692188595370
4408613941486114613
1742501192136998992
3168634855489050693
1045963412624758972
6203794316692725773
8709388593339613996
1768237806109329832
8526775985858692701
1590617406195608687
1646708495068383184
3299816436519080339
2420096657800910889
6924361369498040127
6968598423534878615
4481877789286270588
1079464294283290769
8624994675078819251
2695548950177053391
2901445202404788766
3991746159567743194
806778638167281512
3603764207613569311
6769296085616136306
1997820656611684410
4215281538154340291
4217604462308886215
2733088752745707626
3050630488746345899
5673529097991390335
2599984889455434948
277015811649418466
1474469353478589191
8003768700447966114
1842523374032319495
8795601035822029938
2045603047193849061
8418158093092517420
3539978294289194426
1936526512124814038
5305570432320714019
7677437512436015648
7022578246120251838
387630839296632461
9016047821238848160
3433359444010997151
5495296431979956792
8887530686819938099
7067531529084980057
3938786813174800879
211359862003278269
2858990113674417035
2852303023708688528
7819821451630290555
5471791579197024093
559214795392606826
8341121764146168388
1047045931739780723
3095523336204793728
8357160136910698963
2767924684231538649
7376975048234457617
7280478384899076421
5021564166684518367
8172931858612779758
4666979363245742924
8863929146544611424
22616917310056146
7367338732962215397
7596840526828811377
8303214842162661609
1023288167074245319
4664596088048598641
4579522148627741898
449163678877500639
252960114302539543
6998999410915074670
7893592836555299881
8305595811163610429
7575091292162788367
7233420374092194784
6517592015969176939
382346036274744687
3557281011510847102
8224359545526685676
7039582719669877087
8237678931914837491
8997400343321419041
3671967473318279196
2327258480916598176
1351902584742177357
1558012538564770008
3286289104191053979
4575968690255719548
8639005572686324188
4519152892976138181
8938372360855000711
5838304722459219599
4468033579842357764
9218663443658068554
2607998586091619240
7886124666039605194
8282577344847950399
7643475314724982979
4538719202908977095
4761972900912390697
5358508625223093042
1058877321180549384
4875063551729367951
3723390345895167893
1981470765433507272
1328348565835790273
1308309081737683504
821303148546191856
8929673607643634264
4268382531758853809
2624263648504582287
2000377942138886003
7240460758691067578
2531621597611551038
3539268051905131103
4794967632564839690
7682308414723301376
1843000125734704513
1733960020281118297
5486786209377968815
864915496629466436
2296001611374390196
3952783447184286021
3328785390403058615
23190974910550481
2062908906252204592
3810537305197235092
8490682024985148353
7031102583688996085
5198001010030726149
7112560975223782235
1561686964769082373
7083032559440433037
6520692053952441221
702437717588746624
8415695777729477793
2724213815155227924
2420783573670667250
9021082866788076175
3640223066045048384
4574578937276420143
3364744472176829651
1529821170838047215
3967094902644451081
3735889345961777137
4682253246952924742
946605721905387653
3880597305069127308
6589691234174578252
7479792927695660216
5114404783805880346
490028954177376284
914953141824361170
906656429090271627
6378624202370714888
5141526177547231286
1247432775512701739
1490129794285822135
6108533630230166040
6468305704850857975
5898853145798086915
8948277066078556975
7047359287000197870
7963985527852584683
3392069558627119432
7928069066557739237
8103524208769211671
601345104100927476
4815012028124512096
1008505295843794166
5967532693462788723
5217031714165369775
8997801767877058921
8986303325554900608
130490451435226378
2008982518554342010
1877310120412568010
1845703511045023914
6836296262918260265
4872007300671807057
8903167187927978993
2756289741183642313
3737343456027230382
5550042280223224821
4215375126269453997
664224864425426674
8675079719102771726
7319164049277998992
2418527270160012164
1596573931566127177
3208522576653303020
3686017793529843332
3262734031228530123
7052117725906817329
1707561432643363947
8180747207891828316
5501090525809260387
2129864505212281253
2009458140804342549
6057311789518005362
3993377400205028924
6862901395963136682
6770585014481819228
6720952928885566447
8021276791665557513
3502645410999885911
5902372929060806530
3032065401176751992
6744642310803841549
7819293526008961137
5847193883960701446
2884044545096088598
8026196232573979323
8784726973566292391
2011341092208821636
1591246463403157280
496894656595606681
1765852435305191453
8972755365967370218
8772720966215316204
7619375760470381682
7108871129183849038
3763075856433461639
112136420217819424
5726166516314186418
1860561398463580643
1422133155808357550
2311322586200877036
4402287033092193931
81027501995737910
5155380993306335646
7694176959517378113
9216011331223057627
5494387251233336825
7146193488033455568
7791134170174248402
6309907696830189522
5587950481203995344
331675852534113251
6092780106918007856
5350260953064073902
6926811278216299914
7507448710732672954
1595270443342266307
7310267907318343176
1039495645989606681
3974907235129124111
8790583291396511782
7395511129223467621
1884258271634885460
7826821529909326798
6434180758094668336
234658640276553187
6118677035582031749
5796932707607568078
6471434392146712324
227023819127056215
4140748856086140144
1529706607377798345
4485839249093769488
4905906371979798162
6543211734442298140
5232844074932770928
6865753875580610942
4833854518968789221
6824239804208698887
5060440696327411203
3806235707229753339
3193154612505286052
5661657453278809545
298136918354795013
6289575680099727165
7382429397176722686
657977227071085470
4010130143137493718
915994305231049840
4986206380865879846
40457079779053728
3495283618529424446
2940363714032754908
1950322152226873813
3644388395282872098
5570243383277834036
2630540573862213312
4467321525206598654
1821683670663636675
7636156804569142165
3337603269905403313
3643753783263822983
7743312663638855594
8880461768822870925
6211876378595991337
827447952064462574
1230965857189965517
5115824841610665917
1980089057409354567
3034777280020135993
8153478079315616744
6583286439620870258
1077416609211427752
2540986268331946408
5104464070358295803
5034586878076695748
5905347837708624625
36681769402443561
3739480799656924875
76015624597688603
2934944737216568271
8069510793622202797
1051408420217294057
1285461019399367689
6059512864558703307
4371497308786704237
700788758695623442
3547999114237991218
6058960606850995583
1288964400762084389
6515299760936787100
1673658192509164445
6603416208760504221
1575931089090089596
6746690316502071082
6716953565481066570
7176919367960187121
3822383149124194420
8648573778387441988
8708301935213096057
6095609147814482965
6706812584485467962
5327025362971613173
8780454738156427401
5302002209379594282
2060403730611868836
2439527748307687439
3619548275387490356
7777873829552591232
8892133265529213667
6161901241616150216
4096224941503109841
5228096708047901837
2372397462497535725
9038955279924216612
6176350506612190331
2207096336984690172
262146148994369003
648922715661370879
8150435698233415018
6702993135530892349
4241226089858099083
1004678842266186096
8330140016658307017
7303908724228813834
7183879196825747955
7893976980563534749
9212565971435150485
8821289562511478209
6157400381938042239
311691868440002633
3261375702918203549
5374569814608988145
3046960379011623387
6422342193476697402
1911720484926808957
1129025785973092503
8197214178991917794
4410253021249012945
2546032267291665941
6689549376547828416
2564174985814315788
4171787494940500297
7067940345809459061
1110857660835144775
116565749833147181
7070124274485361577
1123672493022992723
5042139864122907831
1601188074911678305
5293116988775587173
1752595148834363194
1068229896667382574
4333594508042944568
1653269326686804428
2526025017400127191
7596198110991790868
3182777162242740714
6391606371551924444
2160094462999825896
5386151998947226206
307423956331617057
1727234073032426523
932935674641032188
4541260616673650793
2347174698841283089
2417911235576659503
4822274754092965525
2193824925068350656
5590049019476023850
1030860657268109556
1791816842638566929
549708589277484280
8828043237100094407
1467784349225688565
1860535934284870587
2492961569608922668
2393815926442568448
547945386675094629
296613337251554419
6769378249465250622
8486852665002745981
293193742676379483
835900999246092163
6198845430113547941
7318705826291030889
2690712902244638807
394239786018356948
3563754513868561848
5663711602871385516
4333182988967165367
4520566245731725701
2611272892034807697
2705427801535127240
8263895837394659928
2268526344415583758
4312039399919257077
4020523903647839246
858237586379126556
8342240212847085623
3291667517141986225
4147988170690907477
1919912939455495911
5740523643734976754
8655943632873237052
646191104831794686
7891357039329441652
794320783780386764
5110771096357436836
1811009683769088380
6524240712734849462
2477927552653861621
4297801349978861699
7102764406558084983
4845022676990361599
579244313715404774
3807663656381319888
7322976334804414884
4568545941731751786
5971301670377711781
4267894323387970148
5970421721955751751
955749157716363229
5300233793766411382
3832374120637972079
3104672725799071216
195453416580730103
2148911187245138225
5667043556649699350
991452239082671032
4045698478677925576
4867831569133528770
8797510154282664183
6322913901632263353
4129128471973370039
9156660120166925028
331128621362143948
4885859372511558286
2206240585364752771
6388926561012980670
5131334282860855583
5559088533449578450
882569980774652250
3795442008478146950
4090923762679486220
5478731677373175049
4249371486279520585
5216721425399632018
2930570844862975035
1500585764860454560
6300524470249636315
4212592013206411502
723817413783270170
6913177960181861601
6079471056278924026
4568651756924189755
9004075755909128204
850709644316304571
5009643731123948019
8840809003604797578
8853997696137634939
7580973554542604622
5599661709551952501
5456886686461606962
4954316772981680300
4691754910647773375
6467381040380469104
2555173166836747896
7731224594711279487
2366177415852647641
7774018666483589401
8877929037242964254
7171565895370389220
8751699255166136858
6951089780763775780
1779710838945391280
3274359127183011408
1667926250463778623
1055186955261633615
5468312749241494600
3580616505463511347
4242695517541292652
8135384301870432379
7531217505037273378
3386121193916002297
2566843585602859205
5116035385622177966
1741998605098928092
9105478229084306729
6087428341485945046
2960941539414205224
1239524455024362698
1028330978505274925
5156742069243844658
7343818974492703887
5510056763589829281
7788682682801961756
5153865727286538846
8165350360355390353
2403002698992165468
6039715727599025701
4998267241656672486
8142033485659416395
7326042833752014268
4394654775102475686
6303069427054909125
5797562068213821092
4220990524321602256
991095199774749561
8323649576868956252
2037264710747052340
8859466744744383625
2023681403591652710
1021474561694981929
7573338801353756239
7254119087832263216
5226296539269859654
636519171631714566
145539438951594200
5881479302768081843
2565554646257188517
8502780161752716486
3748326200597919243
3112415051820724139
1041977321863152261
6567201113152392899
2174195276351889276
667311377535703429
7398760072401397647
8523426836704774918
5323974038365212068
2157847358925368395
4663931142776440653
493914803343264109
1333418792573217209
8607680794594742172
4825349263819413867
4079642400691767664
2244317490285613245
4319189940705069379
3254623538458917007
7858850473486025395
5402114929081696480
1152296698454787302
2060141479681849714
3974640604446331621
5016778744955300370
2593743485272999727
4657671864407869378
7257929697116568372
4611865638622413788
1535825006305927820
237557953300907004
8663140814332850522
320925576940231890
4143262273936959760
8711595815740054784
3059394364201245414
266649857672211626
940634437638763347
8739173739919482502
8354979978125347938
3140921202951667778
2630386507207500913
4216105978844060506
5933088644098582334
3372000088125688175
8468952238353993018
6669491208112847253
8814789816159120404
1719402524775302948
6130471338911698889
4590081938397824375
8384745390959869834
7007074261800954051
1065274251480039837
7216446134494171705
2279345193255694172
6409219125431523401
1383317802886506616
8205666495725555745
9099572385023665695
7035723168026114095
216651708855321761
3529419221476534735
1698304509952653340
5066436198055359670
2913894401437149965
2344620532956316486
6245487418177403687
4626080288789021083
7784823791176857332
1990555113213801242
2720509766991304499
289038276973022073
5373893442070948500
225379339039838834
4030816309584807091
8273457460034091970
3984100756726839904
4377618871223328216
5923568541308152434
3434494175015452476
3461614076677564450
4863587682828391577
2199177450776482347
4602517443210135481
2004519975490627038
2386698644765722582
6565634609938801479
5355806271566714282
773760167655156539
7647367020400757492
4331654726399405883
7955154793464641231
4206290962611413495
3732640571832379010
2081174419063352132
1207670884126472517
3090994135930163460
4034447726048379406
4386879777544711351
8959223485826137003
2554508819000527031
6715960271678646113
3276545048833640861
7088014553500919856
6724781854155983919
5716900814076951938
1345016123635980587
7876173328773026235
7156387019945563732
4675737449180128913
7382615700227526149
3325606689411567248
2924500851325789824
5637327961914408620
632415020039856724
8306746822400166536
1821961896036369665
6174170315005066705
392146770239299611
4328379146815859889
3456231868432357211
954768829882740020
2993588692996906351
3854672513840801601
2108756901445388410
4835901590890040786
2201069661244454119
6573519882148235081
4230788371301270997
3967424508924363341
3681202295182092573
368226698141688674
7823688062326045286
553692628294455833
5046420509771952064
5979413128938453819
2178062824599648596
500359468796858444
892382223200908792
6062774468605305531
6430602914637352086
8999362718421293176
4345622810091733480
6098880506764299337
546788235967400986
6622335227895819172
1085100234029836652
3590147899740387332
5867623378756347513
8113208424007281507
675894705676332265
6471285465904743636
7894845890192861213
7003679549737417761
5693217494325297058
2958428337347751748
6706482756428066899
3707420562984532570
2599255264489046506
4936306753942821961
5422561984693902576
4611550423668249624
6267126529344258805
1671598409585316524
1207417856483152780
5751240144442170222
4353677261127942169
9202426582172683932
5756208843605512089
463030053667408908
6849217096391578232
6043775752183763190
1854845773328680042
5687183087546263450
1776170494580752480
1923360906888919764
563530720393428804
7846372341302666643
5748245586033192160
2161943485774134225
4942095909322889236
1597345061092574669
1705557628849305714
503487018846293152
5434448297663933921
1419844928799559446
4926330496355235755
714442458408070076
2478884131164103609
6792191005976420775
5226542008063299740
2468409954878346064
5809818000583484890
6931245803524770433
3419291511836730402
4191594052684829946
8302424902889061048
6376767473576557609
3138903094449817548
1815898629335617936
6807623858939756481
5451786848832543407
2590967639861507647
2707609383493155222
6171026335859990403
1379722554292041194
8042891254010153676
2369223082208445219
8100011988084309249
7734676829398234188
8533657968266780922
5812167220741844370
8351547703727226643
356127481476091400
7296027722532821087
7145778830947279731
2923312599188779938
3466444194912703195
5513996709524836617
4283725871969977092
5751950029278643421
3470881039520071840
3729270215532234137
4082599530556727371
6815109446969166864
8014706322118536615
5362638141509318118
4954322451459590153
6788001026749232061
3494168984942912294
7837062891557066621
2367096446029327658
3493476918252238843
9170062537648432168
451093909053871589
6470942605611418877
6012110466360807304
1766239966175631863
2329248735275581189
8966494309995439358
7844745346767647097
3682356557235978710
1197312312515892807
9126364628145199825
2654894175936813320
7379529284796332492
8090391723374860574
702709425280706708
6036295891562600667
3288790606051152246
8525592666350748107
1132801847086868175
3103815238154583734
2595230559534888493
6862487803178630302
2411286527599432875
7351674843999882594
7448754607761003246
3476557510485352065
7419716075069742306
5838875371925851886
3785441780406970143
6652734182070638684
8841355227194849885
5979637656139846143
4653264936595281966
4292328900692982766
6641935432240523666
6293393219868146447
6612027747653674982
161382803212932335
2804071795957481787
6833326709201333195
8780503614393800236
8602827257592404188
4807542408254754720
3776851173436751692
8932542209484182887
4399426978829073332
4100742147377054808
169358749791330603
7786635898889528271
