9158143411766723174
3204385524815540210
5060300993348737097
5822907597037322578
7213680247670402099
8516792684333538261
2594944385984745473
7290310236692931357
4031947051689624931
5480555318905308840
2644269958554933721
1306930785187052568
3828147212069630226
799367426462539685
7983561551297014535
7085845099940587649
6283595680228639890
2033269046692093701
1956726288204807552
5821997469034874211
8505742752782770933
1495787104978795295
4550800521609428126
6638629369831104329
7817178761547947095
8348956503302597649
898915671243016132
4225460293913002940
3917651511683830271
4431811572433403098
2733709715768200169
8705309629180739071
5450865521792353274
2036329922603078163
3951957387758429481
9070149607190258328
8752294295574816503
261083476749357068
5499668889206220207
4981769267136002072
2807073055322396300
8997799167749416106
2342629584904979163
3631145728827348111
1870704405606396999
1480123398875941692
8963462221127230208
145075050329991640
9021227952681981829
1187964287827508188
495310277491029304
1500905539244934805
4311174967380800760
2864451544736742480
2471423399811037371
7892122470390586132
8551508946152010709
1104259962308616839
1323784296336908489
3498157074185101305
3252635403628872004
4329580805155891983
5422731713015228099
6320483146614318904
8419538435590254210
2164793818700931077
1660609092036406775
178233460587326013
1585993188934654158
4179030782746264280
5086389645742039118
1365244018824585807
4575415681789129443
6201602444428525930
6347744714533913755
2492666072728846266
8157238868646962605
316760924081892604
8760880759283722578
1962049429806399690
1173182072293068528
4669315370729073972
6168326660280400389
7477572027441596125
3677047351719793402
8012074314938952493
8610109866128736161
4238462582528325969
2525856582542128301
3942176926171869663
3135667247780932932
4134014316026438950
8485170759353436150
5661828018899180478
1486608367249439118
3934862175291522794
8135036837413867638
6139362144084471554
6971508337554916965
5581069074181210019
2807196822215385351
4375132267585274002
960058009562222517
9138022133788511202
6800371073839061516
6980920154203873196
4648722609219419218
2691021060703147784
4329510497103673014
5404144437420428137
7820478820519663414
5616200453702593155
1414825801998154447
8585765482323569512
5198133709986024777
6776205571207657011
6086522812885233905
8009625370834147498
5332538482045453397
280433502508241406
1088215029262103565
1166898835151204785
713854577440342660
6374355811077036312
8246623268206968138
2254151753531528268
8085978548807743590
7551787824203967639
1745248657530923684
5548204261277849633
5016119498320784677
7925040099922508482
3372373323816824849
2758374662246829266
3363713456165800346
4737779940667368287
2698452217848037784
7552940269209352486
1175068320649897454
5783997211927374704
5571636062484592736
2063908885930378982
1328526297787824295
1474097318138637597
2946720606090320983
4831412146511872177
5756121732801555551
7088216973438450553
7702108485196920606
5384279899917681245
2599246620763835847
2603881956288347935
4084820326439404393
6368526003346262404
5070192223637383608
2689275246586116695
466035416500259335
3087038001918623163
5874831927419165613
1359952282452826979
8395149783619239759
246781942732674640
6399767930764267938
8319369364117386997
442303049484240871
5288538017424111551
8568446308836771453
1019516787888925232
1787698758116034077
6598658634163781853
5206104507120322685
7946799465744230596
7499376224306867696
3331945022108331649
7870370145228057051
7038218089216371414
1818293365764756415
5759650681577122884
3828132888583494350
8192313538775404719
4135419534951107485
1803725974117257612
4634235848095436223
4152666830030051784
5773671231500350011
2881675672894053322
3295208820533079823
5202945784841892584
4109468455915070146
3937829166019949295
2380410536274057141
530447792292950184
4920732011006850127
5151819975274000919
5225262135752612456
6102260903941021596
285719258844080303
2441181676165447211
4743944013109328490
1700553943048302733
8236809753379099316
6093700541679237512
8908197573796471853
5091367795317918841
3228275674866300318
8354866003176604756
4295433997433661680
1771613282502465272
2400510644236672624
9111212057895740060
5124648296480434493
998550524166228467
2975530000756131159
1784130165072611516
145794451188095671
2958379598687745132
7437469839694045431
5631643722561441725
8455906893804459740
8086477246286012721
8384919717238613162
806970827109989048
2076216438038692464
113254430724077082
4547936455060801290
7947192804473629077
6195923233152214585
5100298298904484135
6277660146199832364
5301858721215840925
5524837185492879167
5112305591120192713
2065558671707077833
7622932712718452685
1986054275636641589
8713582981397760037
134603081045221448
1624227058362427836
7625168488221171455
657058998106764436
5270013324461259160
6260665133086938726
3686349735452510532
9026673251429358102
7213711416399084808
4156730922516920309
5666852460055035744
1724525253827816812
1976094394407619095
6176423072313941884
6438685098010847479
2500818121973419040
2184938268893090792
7354352012672037080
6429825521862133517
6157001601679097066
7598637319761545478
21710940499337402
6361542845833532496
7519184957197565688
7351407666017331702
6002039576127298704
2147040297343609311
4538028984615112798
8487991924167203664
5682545754102257028
5768774458893704956
4656115274682035236
5630992532586372347
6760248810272791781
2760637812769093359
2698514735868831958
1951240041671238090
7606162554490887728
7055868359098813551
1887707219486698898
3107329536683782400
7489399249961001816
5912479390323202860
4599775663341880751
3528113428803951786
1799489093246038436
7252748788709194330
429723531011738746
3671069205147611967
2783588004864947141
5092158715515864389
2463077054152598191
431063856612389476
9144102826720808424
7407780485400932326
7447963194300571286
5611693588810683574
399562494094274368
3932605432480146531
5743097277123854096
3586586593152897031
1002094089465025220
6576336065123976630
5067619578860609480
8581274162282412399
1484625829880919416
3874847842050147750
448042049399279962
2839117285559806794
266799492359643686
2432245047544355052
3722921800327220080
1544303236887524382
1156734439137395825
5759036333399920234
6807921426732151138
3630681602577430261
8582334294817567364
5779720168577652748
8135283238580698360
3617664875262253293
1033131497298339149
6662921593971920006
1864808130756689494
2421767889533703119
4285241327432851738
6074544082455986188
8951894790764628038
1884558003034832097
2146268838515517199
4069971511817861865
3002317151436266974
4159843512445653525
8738797329761101322
6456250909689845751
4752225651192581563
1443451458146496439
3393767811558001645
3762773704855603368
5943118987930573854
2571082880742303979
2295334000869243442
6713374850892065678
8848152924779869421
4957642739605165500
5936524805527119033
5222431410023513372
6209292476942618727
9201531536689984120
3124812235525960445
6507452420929129549
8264429679160235069
5299912653357773221
8192910867332407462
1496719077625730849
5613714470942426568
2579486378644480392
4292364785621881605
3986647636866731519
3509569640845589189
1704354286421563234
4367392814125521454
1563533947326360764
7292483246513396440
1112239279730563404
4547348090380964393
2024991317771208380
1836370932317158177
6455490199517548985
4372986380556445453
4640365204610461052
2731049127701358845
8540391758431042314
1352429130286944795
6253714080211864646
3930858517315515289
238779305446675225
3090371789200874203
5692681060838224475
6458496437573094078
7107632340338066673
5901848620779581329
4725348072923521061
2286342574688261245
4493877941701853281
8421945214297114353
6685256885772852178
2363375769699597562
8309046126429556417
8271164376463472320
5679043389326036032
1894817026352982517
6359948424391328595
5019223185674841778
8900918436375900804
209865646297031973
1530953567739550896
8665036479604064221
6974136348730827863
6648039575033317936
2397111908463881683
7277900049361618863
5485449901413622414
8393355429824450805
5557273280410575800
7367312785314412568
5213846474288675114
3726268587305788439
7080779076858977087
4766015887040178282
9054876128971882651
3525494590229119250
7193564733783485645
3542985593349649414
2403468030960448384
753956319935341451
7360567953078601
8863088875175729583
5367173066177812556
3569782872078179406
2882132898044070263
840575460071763351
4771963327039231856
938381084057995125
354617037061260096
6283683777149351933
152929753186747392
8877021217053215359
4729677374964897654
681556008825208586
3264595367916464077
5475514243259280582
7979662827856255402
7456485472325509232
2507137644095598329
792889326473435930
8335777536143062510
2098604265890406624
7625409733921445587
3825719558863231144
3659772884734243935
1224668352686842105
8312710865502501860
6156834980939868513
8367229240820752748
3409117198147077994
7721652906884795276
7163329732373833090
4450498302911671363
2981386118108722818
1052399760466419303
4744093431488434597
4474666713682939336
8961562849192797952
196776718795624660
2209744074332383805
6265602465392838043
6596648055235519246
4389250418736624026
8382683988302398043
443880702671924729
8917472848589641063
485713103376902045
1343433888710944350
7854171132061323306
8414013962048162462
3271794063537757565
2111476744282742628
6367295660009197956
2949212154984600871
4344525413869144978
74453513858117072
3638378335262495440
6995270825193975475
3543625837069250720
9120940185435895224
4000465369532264980
