5259847702224307345
986526599303243796
7907429615184476702
4096680627843048024
3095643477961005034
4809199873603051832
6234408788696355680
5764845953555875677
1916690129779534651
3240591479611376795
4655151073851767293
6398864294938849825
7013904931329299276
2755826834728977117
1333532054147255122
8834221052689968640
2990001627642466168
5271895021172316373
9184401196831706303
3520152334074589584
7297975987043621075
5035057302579570099
3912772864417548974
2977647695708925451
7476148434709129727
2464380563040824523
145553048910587372
8411140491045299658
7271087000714997937
3348822142993288439
3889048271807527666
3903497771333152017
4231218365150823354
791366801318567506
5533254329990949277
1135519059930550667
2962544154845765499
4451640765190074195
3960907002382951965
8601854292324788426
212848056672826912
2032035948464065849
5962823701869074991
9744235290042145
7423543658013811571
5839937493441305124
914646367604664033
1556083295615987048
564060269382110485
1016795606277288218
7187021104018427812
358248252879208001
9169947687770604431
5222694784642855652
4169100327623110203
360630798575292310
1952516077342896474
5123179033751610544
131542456149600210
5122471516800429969
1735052586828916482
6329162550534297778
3258786843934278224
4904263903069803046
7082719688680334903
5410213205483604636
573387956560107988
255378901192086838
2535130139898466601
5301952888728880271
7945168573561854715
6251168738056396791
4253494231756267710
4450324459756485961
1100468321302387829
110653734732904533
1814901740864015426
6502178250486744187
1735122373186537133
8044595008961241580
2247383226719755211
3025555463609862007
5017160346061922424
4532659734674390956
6053668029788867309
9130642665325530052
4072387452364024509
9174325596310527640
1412833396483289967
3402521536867833449
8487109037341240826
1801968352574925008
2464208871648335491
797849824461427961
5519080072013655590
9123958974413483201
2578163810801091871
2180730608301691710
79189666231686782
6079268747551307781
548381541800317167
6039682351677052057
1100176932858458610
3758629160143792024
1844148080274227519
4342591443549519952
7787933130262024749
7665080189211150
637756475871096068
2280158738520920181
6688373538823726286
538169197426621472
7850552940024984939
4662298036678806683
5723001036728812821
8102896639590164310
7880776337685243105
8465666009328394485
8425111993040106702
6729796485866871848
9164820234464131126
480824887569584701
4161745813783630573
1395324245153822567
8428974539287297490
815759697860092253
2176120909743659527
2399845879228922488
7438697032367272640
7896846925588784046
8996739892633160284
654243648802025543
8361580298990770284
8560011186501214906
6207494479613897086
3087822711563941653
7169707694865304220
2137459797089386099
921824724402575938
349052525022474448
3038487125273860750
1662812245957786392
161755782206756835
7682736217859657665
3498047433366379454
2056896602832218049
5143776450674198890
5852506615673444720
6812429453382324888
361031774689369164
5566646897242573457
3120572478639691623
5877483254771667101
1972456528595845948
6224011241303626332
4647737811714742963
7414579440818879121
3625994868684985499
8215366926780900640
6975424207255550570
1668161910227636676
6401289293379191347
3088520231144817193
6566575098254949797
5871330163889635285
6224450559555813640
6379488318604295229
2651007183483849372
6450155283289558078
8081562863741721696
5137467824820891859
5452449267791546143
2116593112186348378
3728920014299999147
2845095469275784462
6032273403848294734
5792492331318034961
4571640528739610857
6225434844616608184
1520247194683372162
6445164008729712236
2079381718915912631
6160398965466237531
3151788064346316435
6911879111582615056
1791586382900621857
3725041649126904016
3887125333587523842
1817613394819551141
8625635541264204607
6259298626218775671
7511301357494776454
51186996638580036
6610336060484103941
4659689773869605131
3987967128437693874
8377691026983466850
7502840018077651166
7102220149549046663
7539700465289432149
3749861785935081358
1585175938292297261
1999010839093599052
1865944677193296368
994013429439415259
2700947898226522375
1591983079342681209
3611683864081517449
922752682436955833
6101466599842286622
6632824462861994357
1440608898232358770
2401931247984487144
758850534775843023
9180097357905564270
1017572006543485459
8732621981527507925
1456063311666515408
186816388509017801
2307153524948302029
3244786933058315144
4504108682155464422
7373214296096070307
6521566686862004608
1907761390154525614
6577842210412303846
3566339333412567831
4040720563960373579
4160919459147950420
2915693837653647844
7165709365013810644
2848184330599471157
8966506071334592034
4209258554934179706
2056465584696437146
1915691572684362810
2216020608151167241
1814869027026455257
6093792223896474624
7261574595991287654
5797778241033860714
4571029666976645379
2139643093918219556
3354635538837191589
1416095822384942201
3858622236170743687
7670931965650031100
8429811307294186475
435234577453827960
4235233487409876802
2917388230209017931
6883751065854910567
7397312796927615990
5392736445234766772
3538042215549945962
1678801861452066287
7318780260084280101
6448585161364494910
2478326776342385151
1217016835993517985
9000339569250836813
4191216171620068084
3292500843751002876
4809593238166701233
6530746241066798707
7278359262045397114
5799168568675907091
6968462924276828700
4619932790928181008
7207988037489382516
7096358835918474310
5489579114615274060
1945061180958245727
4539201999009949954
4880382687510162628
1579188564004406193
2817740002185094049
4114043883533544707
4759228892765130731
662801103403502689
6519693125186053469
8472307394498870027
7597705581582135185
1252383885449044502
8483792523838266570
2406377483495085069
9166529494736879097
7479212714675353558
1124125490107463373
2792746426636274818
9216977848695427688
8163868760872948219
1672094842859115420
4043801089039314431
7690448252414138846
886398045945765440
8915686785676052376
5458951730231991099
279258679377514118
8069483622552178397
43238782355014532
8514825915960114202
3787895230104156727
1567113762165575239
2646796062787915860
3122011180278404045
5034228892552136146
7630299828960827948
4829683954201090991
4974775936447056507
959855428684777885
2366798344556672553
5515271461492870148
6093282752645685447
3881464260078570511
51277270730749079
495533571253600006
8819487522721829018
1784349444776116410
6864611861096393339
2702062491069700039
4924205362157184871
8800640261621706296
7584515484945292827
8231875829335861615
8963158673046848675
1957499642124125668
541292780900399665
1182986944506227080
3119202473452463111
36810794923551964
5319203368530581702
8965232176127283058
3742544550844528345
4803513455839501673
6315742006976129734
3888774923691191928
4687756388634110293
8454098040226035291
796300441861990756
1481980315108750195
7930148627804811162
2856411645586955323
5000780624277203077
7217819311764064334
8683263816500591977
8740382471534298392
2851353548225026040
8540872386816224624
4342502294186159791
3995850894993852444
1684174355122862361
1330990397411555077
2003886861728782492
949456103303781315
3056150289292304389
2893206641238914772
6362299266116229181
7373577440550890828
2772400997632858710
3795710879239310077
8030020528202607983
7512117562136230688
7390422127556872981
98201442401225265
474476886842328855
4275207473288427484
657526165461715846
8060831135476523157
3514010693334112089
1860858369633032565
8438215999051889980
4859335921579716007
2766753190715072524
3500867154823494855
3997649018908405103
41913117572382310
356397696362031
4095895081890301649
102502058031231972
6384845986974302783
4909665101489592160
3223090624572954673
4117011584589109479
572100829987484873
5258072610236434231
1781466978222679918
419988472317444585
8463608469065076692
8385179630574462800
6179630015702900288
3492800060896825382
5948100398441864141
3302321429182016542
730158663084910462
3708468442432129752
3392770013998095514
3910972128444106428
2249382008773133413
6113260832826426919
