9110335596554162371
6105693182768031886
7210843752880530987
7538824420865331020
7426503230364220825
8653578885781404296
573355182303700879
3320119727814118335
1387642530935863284
2665429766960905903
7136769150472970529
5915945930904714058
7845910849335571286
7202743284588188057
6966918198032055997
2537671395706739178
1222094920745570239
7128784303517806137
7558617984057411415
2156810983320094625
1706793472614513231
5127521846785718698
8459078525804958105
8397200996176952224
6046687471636677156
4856505924642091547
8369688164800480656
676387672105628175
6301754037827693718
7677430936123983762
6690061574245216375
7739520501689233354
579376709286700252
853981747414381579
4233842099050641783
5564508630029611157
1711867373062403154
2555263547324631264
7116289977184313589
6342231508299195937
8055499658559100630
7143873900873419783
2648836780490461420
2227612924853680131
3656431091074007746
2027854920692604493
3537021041856407137
8426925644842680639
8207698537473816864
6951809450388073524
1802847490095196730
2969881499058731128
1026219957935388210
2724197314810315677
8162692324270089840
4470655595550578767
1391704934494747764
583754296598862441
4233459312763661752
9197399236406758746
950647060239591388
1753771535796933493
4129974383619732317
775922733029731704
5840746878206051047
8060402484297926531
7939662723884535650
2960565729764286184
4558588089284538422
3066471948282993496
1566077539290689685
570359123948342810
740365387648715083
2021781331125922616
4887513819353735828
3511378379733904075
2917286802562388957
4749268751694441257
2243686406351777480
544573833028514519
6978413372006968783
3109485803093735796
7842568885503030846
267304814324312286
8258066600901146830
5572045062174629727
5610065897440962656
7565699865238719347
4293035578820263155
3824292961811080631
7193249371088016397
2665624106372185635
8157159214862159373
440934642670599879
745592172596374496
2769897705567581346
6972099867550956420
1054294219582823276
6444005579396018990
6921911491658922170
3111629543370997896
8090973800619851096
7772372249873171056
160019246181839980
8814505730006536183
5039236920590311518
494444076574461486
4152613091967344456
1048381894335508196
6068188850550165013
4369009562190755945
1795910663351568151
3172973055223574354
4417347853623061017
6711074722528954209
9077761875035605295
1375615877578652991
1079015369740940707
987109754297179696
3125391176340514333
1149509195079105356
5777862401959238027
4566216234919262554
5066346887846065410
9026633364710057958
8657261845142666497
4781499388980051507
3233190679341923073
2436035372813060359
6944063640505463649
6869367395387648410
1358732716156571011
545455526409651899
2111920652673673447
2188870222915652226
4003401526947517223
7335300825653942703
704511137720483081
2931083439758852429
7411069349036216139
2382570700580309154
3365163860513613692
6200209841079508405
8787400572406329544
8815486311955238724
571555626325662912
751940041539642418
8963799765983191259
3909007495482060512
6276238363912260903
1152264300637466350
4966063489556433449
7964065098200619239
1918278313483309832
3252552956481686912
6695715906401741311
2636703473233168765
2076110560865688492
8496108795115814791
8708093360014207260
8361565819222073664
658578236649242768
422934074177456303
705902347663295154
9135319320558309752
4899972786115624007
9210832168752783925
8132502536969157806
9172732693131615264
5226967864408367542
6937615523651201791
4028450945449373390
5397838398505723427
844976844649141329
3265192592310858965
5685235736594126030
8068792072010885516
1890854909610031456
7494583689478439916
484986786823790908
7580224207061209577
5449588332760335922
2627111263365055964
2815477498915373115
5332173534424447198
1521087783768135010
7271550858548689425
759924120317945473
6961311072870994689
5821290780351249284
3130332847987277460
8549360364217348519
4260690689284537219
4039175552274797140
6171715710010022437
3057519409348427248
7976406089775769480
3172507977537097880
479164154811644041
1858199157851647051
2598039032797008278
7934821185157099816
8054087853579315468
2318382929041753284
4999672504596049135
6135059936140258071
560623354497579650
6479256115692722220
5363766638095692655
1080293311514925987
7587042983977140817
6508256669077804918
8629207088396608783
1828999733873902095
3491071253165937873
195203981287689528
4202764031629995595
8076543722074582017
4092141083557247425
687459749114848878
8197551601363602087
6405231559125832118
2648208133725370039
7778188327440464730
952998822468126192
6136551605099407222
7501847078544969463
1538820195380578059
3264373127432272769
6705645238208727442
7983950921480185708
5655550320931331019
2064776694945951989
7683909774917255867
2116577441776956352
5605996008689181389
2025519548772432606
184870454329738303
5160802879241381134
2450088319744356576
2651097793264597406
529382523543938497
2578955314333616233
3887100424881940119
3852471042821105229
6619721919819910055
4451282460767321659
5850340244338620726
1274881255226965165
313917547192237650
72783259648358792
6011127476358695521
44082470795294420
148511740963958282
2531157637498029950
8808945399252040195
4809098939226602455
3959369655236078085
775414498850314439
1896977556416399746
673908879684205576
2201650830308509474
1816743567642009289
6313426998288030611
3296947950135632955
8352052485404550488
8379317260146243939
2418140353206552752
627574289255546376
4500018804245179406
6331645977634203828
9056999521981593924
1057686985410074433
8424205424886053827
5051285068303974902
7371509364030429530
5158875542621461079
2091784525683311169
1552175314545107643
5345164845722033378
5308864246873768307
2270355298735820588
8504514387710919721
7654640748461528398
618781119217407354
8492534746133559542
174405237324574733
8936548509140006716
1195341523134196244
8009998842389139040
1163563677847186242
6020932297180864171
2031636402143738609
5434849370110480411
2104359983256181532
2596257878885587856
8633836279776012288
259223826825325013
8823284433991304691
404884139321347697
6884666622277971247
2741648563172926869
5997145882932081989
7609666717324505392
7942758320665330165
3278418045635457162
7242313880721642063
5763799139385574247
4956867673791513521
1345899665689021827
4498192297675916640
5464193713910718996
3730460538910145589
6538332584506767025
2709005619094555977
2345956374755913347
901100883172487582
2307553392923931814
2814939240350969533
81517092857239059
3506479594326197963
824546350923534717
3350220490158859578
2839270583813433026
3285294588477652988
1887109497899579993
345725736589133102
2981101698414309592
109086575166748434
2641001217698563386
5617513092880777503
8145234710560540699
293468103703274667
5784381502175383295
8238332247198869826
5272008822965913670
5157379675650116965
5239616143365184660
3150842578303646897
651637453724812296
154269617487245600
8437411663903790173
9072327948511820737
4874195944254205387
8371614832473467728
5888777750162526998
1587705425084107208
4832574938776565676
2597884070633623755
5514091954413809499
4506460587755282381
3423432459974190331
5609043793103891008
6497783192685162924
1331403684379313709
1896912974039994802
9119487130027995041
637662140163187137
7552189750987904369
7508030879827573335
8603105700674905889
3491274818939129154
3586156313179272257
1234280902244000561
7665619815025824209
3097804434786747079
6027659226117589901
5248072931924359169
790144155547183919
7220421353733740344
8047578648768520712
4863041243770974025
1090794146117741284
7753984918602119485
9050339198633551343
5647767539176595797
7020947713552105507
4519955714716010892
7306297375647113333
545488928833300911
6829671952006403713
6458338328174415393
628447881924307361
6529719892644667320
244206239632498556
499551067890330703
8466573131763306867
669293705989916944
1459673235271276412
7115550451080819545
2440998613166336450
6361314223306209399
701060430026635772
2158135907318105585
4483494735157002737
8386132446826424667
8398574331658808500
1766608193349399483
3220568361279513048
3917893444138054202
