6329162550534297778
3258786843934278224
4904263903069803046
7082719688680334903
5410213205483604636
573387956560107988
4332402883204410033
2565764615093649640
255378901192086838
3086311932345215101
2535130139898466601
5301952888728880271
7945168573561854715
6251168738056396791
4253494231756267710
4450324459756485961
1100468321302387829
8083860535322953543
110653734732904533
7300658855429815647
1814901740864015426
2832160123582243139
6502178250486744187
1735122373186537133
8044595008961241580
7992782017248327801
2247383226719755211
3025555463609862007
5834095006157379554
7111624766056859147
823452939056551405
5017160346061922424
4532659734674390956
6053668029788867309
9130642665325530052
4072387452364024509
9174325596310527640
4915756862112632631
4999483345474145835
2676642780346233446
1412833396483289967
3402521536867833449
2246967088932046143
5095920294974407334
474925805058302886
8487109037341240826
1801968352574925008
2464208871648335491
797849824461427961
1901877964360088522
2560524228207640904
5639527367930499447
5519080072013655590
9123958974413483201
2578163810801091871
2180730608301691710
79189666231686782
4061131427379376037
6079268747551307781
548381541800317167
6039682351677052057
1100176932858458610
3758629160143792024
8968088706075144146
1895019307108798343
1844148080274227519
4342591443549519952
7824683221734598635
7787933130262024749
8601998516721627695
5356795925038978970
7665080189211150
3321956072522312820
637756475871096068
2280158738520920181
857672665707333638
6688373538823726286
538169197426621472
7731767772820538454
7850552940024984939
7008738463337664411
4662298036678806683
5723001036728812821
9098668747977719099
2191808853535678406
8102896639590164310
7880776337685243105
8465666009328394485
7264545216005408669
6172159110832657010
8425111993040106702
2763771443002454938
6729796485866871848
9164820234464131126
6848912820394864508
480824887569584701
4161745813783630573
6721337941484295085
1395324245153822567
8428974539287297490