4809199873603051832
2990001627642466168
3889048271807527666
4231218365150823354
3960907002382951965
8540143098039750117
9744235290042145
5839937493441305124
4169100327623110203
5123179033751610544
4332402883204410033
110653734732904533
2832160123582243139
1735122373186537133
3025555463609862007
9174325596310527640
4915756862112632631
4999483345474145835
1901877964360088522
7850552940024984939
4662298036678806683
7880776337685243105
1662812245957786392
161755782206756835
1332025810799398705
5143776450674198890
1972456528595845948
6224011241303626332
6401289293379191347
4899125387374251428
5999114739917235183
1017572006543485459
1456063311666515408
4160919459147950420
7399251442246296368
2056465584696437146
713000087240189646
5797778241033860714
7670931965650031100
4487188203697698311
7318780260084280101
6713389235060566514
3292500843751002876
7278359262045397114
5799168568675907091
7207988037489382516
3330056012312975561
5489579114615274060
1945061180958245727
5034228892552136146
6093282752645685447
504159178897589209
495533571253600006
2702062491069700039
2663720041513338551
1182986944506227080
796300441861990756
342010669968078611
7564301284218282850
949456103303781315
2772400997632858710
98201442401225265
474476886842328855
5948783855632567544
4433635048166604361
6525453871771162363
4909665101489592160
3223090624572954673
6525747079469706604
8463608469065076692
4196147331802723151
3708468442432129752
3392770013998095514
2249382008773133413
573355182303700879
7845910849335571286
7558617984057411415
1711867373062403154
1802847490095196730
2969881499058731128
3288605749612738512
4749268751694441257
6978413372006968783
2667088919987907596
8157159214862159373
6444005579396018990
6921911491658922170
9037054517129247710
3172973055223574354
1149509195079105356
4781499388980051507
3362023986062475331
4092023487626110792
1358732716156571011
704511137720483081
2931083439758852429
1814693262036297069
2735699005064755091
1916607870317754562
8815486311955238724
8963799765983191259
26125553597265893
7964065098200619239
3522455197153253742
8361565819222073664
9210832168752783925
9172732693131615264
844976844649141329
1826889448432063444
1521087783768135010
759924120317945473
4260690689284537219
2318382929041753284
195203981287689528
4092141083557247425
687459749114848878
7501847078544969463
7683909774917255867
4721263406047810191
8252183136918443556
8431840867172875978
313917547192237650
3959369655236078085
775414498850314439
6313426998288030611
765016555668806349
2270355298735820588
1170436918827975976
2031636402143738609
259223826825325013
203763097906136613
3336713446891455919
7942758320665330165
4498192297675916640
5464193713910718996
2345956374755913347
2307553392923931814
4452875060061342264
2641001217698563386
5609043793103891008
3491274818939129154
7600969882423763191
7665619815025824209
7220421353733740344
8047578648768520712
1090794146117741284
2404411402692416247
1125654549714778333
6432678797147641097
4475050832323842124
701060430026635772
5822907597037322578
7213680247670402099
4003048373743566509
1495787104978795295
4431811572433403098
2733709715768200169
5450865521792353274
5254796485709717037
5250032191889389296
5499668889206220207
9021227952681981829
876862940650192703
2864451544736742480
4513803879586619021
1104259962308616839
3252635403628872004
554383404476646363
1962049429806399690
1060936325222302252
466346239176791131
4134014316026438950
6971508337554916965
2807196822215385351
6980920154203873196
9064605423761998715
1414825801998154447
280433502508241406
5548204261277849633
5016119498320784677
2758374662246829266
4831412146511872177
5384279899917681245
6368526003346262404
6086438182625869436
3142328796452057092
1787698758116034077
6598658634163781853
4668190674113290532
5206104507120322685
7946799465744230596
8192313538775404719
4634235848095436223
5692726503341159105
2531427194910496768
6102260903941021596
285719258844080303
2441181676165447211
8236809753379099316
6093700541679237512
3228275674866300318
4547936455060801290
7625168488221171455
657058998106764436
7429011025288980709
6176423072313941884
2500818121973419040
6361542845833532496
6002039576127298704
6096189877572311571
1951240041671238090
7281617521798371578
5453090867193738186
1799489093246038436
2463077054152598191
7407780485400932326
3634678226193682661
1476451772197439421
1484625829880919416
2839117285559806794
3722921800327220080
1544303236887524382
3690607604679272499
2421767889533703119
4285241327432851738
1302493735133765700
8951894790764628038
1704047545725381344
4159843512445653525
3440085765645381956
4172989024593819834
2044858431242628991
5299912653357773221
4353174975671248438
1352429130286944795
4090902948314258624
5692681060838224475
4493877941701853281
8619942605068963114
5485449901413622414
6900529169027255366
7080779076858977087
780677090525403940
3264595367916464077
6156834980939868513
8367229240820752748
7163329732373833090
8961562849192797952
8382683988302398043
2949212154984600871
3638378335262495440
602101078343827757
4000465369532264980
