5259847702224307345
986526599303243796
7907429615184476702
4096680627843048024
3095643477961005034
4809199873603051832
354038423584831772
6462768270432077318
7501077269508151063
6234408788696355680
334754516605790873
5764845953555875677
1916690129779534651
5952466200564791981
3240591479611376795
4655151073851767293
6398864294938849825
7013904931329299276
2755826834728977117
569177362249654202
1333532054147255122
8834221052689968640
7050967896534469635
2990001627642466168
5271895021172316373
9184401196831706303
2908595210273748449
3520152334074589584
7297975987043621075
5035057302579570099
2329907003288370287
648366025103543147
6036702271554996651
3912772864417548974
2977647695708925451
7476148434709129727
4492336006619738354
2464380563040824523
145553048910587372
8411140491045299658
7271087000714997937
3348822142993288439
3889048271807527666
3903497771333152017
4051998538737168245
1185866819236804900
8827134645396484910
2715680117317990830
4231218365150823354
791366801318567506
5533254329990949277
8800606197932361764
1135519059930550667
2962544154845765499
4451640765190074195
5715689105013728900
1751820842839981750
3960907002382951965
6333207423196203657
8601854292324788426
27653294355628597
8540143098039750117
212848056672826912
2032035948464065849
5962823701869074991
2486597205319229494
9744235290042145
7423543658013811571
4858016668257102080
8097508426260820733
5839937493441305124
914646367604664033
2295613151034359983
1556083295615987048
1735086651116414392
564060269382110485
1016795606277288218
7187021104018427812
9126769091011482639
5509625903079100231
3297723970868032563
5504299744098328988
358248252879208001
6409428945065879455
9169947687770604431
5222694784642855652
4169100327623110203
360630798575292310
4341613878938463654
1952516077342896474
5123179033751610544
4823496222472018238
131542456149600210
2046805741023153542
387514393226655927
1305500329052456499
5122471516800429969
4590090715952703700
4856165749943427055
1735052586828916482