815759697860092253
2176120909743659527
3311408978047916314
2399845879228922488
7438697032367272640
7896846925588784046
1442748157136066396
4531741633411240140
4100819893256993998
4754789687418806005
8996739892633160284
6805384747189720897
654243648802025543
1002033255850179101
8361580298990770284
7437051289487501940
3794107251288115863
6027792519382071624
8560011186501214906
6207494479613897086
3087822711563941653
7169707694865304220
2137459797089386099
921824724402575938
349052525022474448
3038487125273860750
1662812245957786392
161755782206756835
8394040823425323101
7682736217859657665
2597086546165406859
2498045266933775407
4109936234010102492
155891442305982862
3498047433366379454
7197597390779556936
8653358145248412932
1332025810799398705
2056896602832218049
5143776450674198890
5512492737985523970
1074269341484163173
8239767951805707784
5852506615673444720
253488624363281998
6812429453382324888
361031774689369164
5566646897242573457
7099570505986414171
3120572478639691623
448365725255021980
3983908754185952898
4189827964750001073
5877483254771667101
1972456528595845948
6224011241303626332
4647737811714742963
7414579440818879121
3625994868684985499
2091243825127146242
8215366926780900640
6975424207255550570
5340565827252250326
3411063548468018317
7752284878821234991
3933690563176262587
2542156663943368371
5274315060282581636
1668161910227636676
6401289293379191347
3088520231144817193
6566575098254949797
5871330163889635285
7855129167373695848
6224450559555813640
4537086739729547014
6379488318604295229
2651007183483849372
4880133402460706107
6450155283289558078
8081562863741721696
5137467824820891859
5452449267791546143
2116593112186348378
3537798712742684777
3728920014299999147
2845095469275784462
6032273403848294734
5792492331318034961
4571640528739610857
6225434844616608184
4879384120276094238
1520247194683372162
6445164008729712236
2079381718915912631
8366930601756908421
7557792298423124525
6160398965466237531
3151788064346316435
3771451518440768171