5259847702224307345
986526599303243796
7907429615184476702
4096680627843048024
3095643477961005034
354038423584831772
7501077269508151063
6234408788696355680
334754516605790873
5764845953555875677
1916690129779534651
3240591479611376795
4655151073851767293
6398864294938849825
2755826834728977117
569177362249654202
1333532054147255122
8834221052689968640
2990001627642466168
5271895021172316373
9184401196831706303
2908595210273748449
3520152334074589584
7297975987043621075
5035057302579570099
2329907003288370287
648366025103543147
6036702271554996651
3912772864417548974
2977647695708925451
7476148434709129727
4492336006619738354
2464380563040824523
145553048910587372
8411140491045299658
3348822142993288439
3889048271807527666
3903497771333152017
4051998538737168245
8827134645396484910
791366801318567506
8800606197932361764
1135519059930550667
2962544154845765499
4451640765190074195
5715689105013728900
1751820842839981750
3960907002382951965
6333207423196203657
8601854292324788426
8540143098039750117
2032035948464065849
5962823701869074991
7423543658013811571
4858016668257102080
8097508426260820733
5839937493441305124
914646367604664033
2295613151034359983
1556083295615987048
1735086651116414392
564060269382110485
1016795606277288218
7187021104018427812
9126769091011482639
5509625903079100231
3297723970868032563
358248252879208001
6409428945065879455
9169947687770604431
5222694784642855652
4169100327623110203
360630798575292310
4341613878938463654
1952516077342896474
4823496222472018238
131542456149600210
387514393226655927
1305500329052456499
5122471516800429969
4590090715952703700
4856165749943427055
1735052586828916482
6329162550534297778
3258786843934278224
7082719688680334903
5410213205483604636
573387956560107988
4332402883204410033
2565764615093649640
2535130139898466601
5301952888728880271
7945168573561854715
6251168738056396791
4253494231756267710
4450324459756485961
1100468321302387829
8083860535322953543
110653734732904533
7300658855429815647
1814901740864015426
2832160123582243139
6502178250486744187
8044595008961241580
2247383226719755211
3025555463609862007
5834095006157379554
7111624766056859147
823452939056551405
5017160346061922424
4532659734674390956
6053668029788867309
9130642665325530052
4072387452364024509
4999483345474145835
1412833396483289967
3402521536867833449
2246967088932046143
5095920294974407334
474925805058302886
8487109037341240826
2464208871648335491
797849824461427961
1901877964360088522
2560524228207640904
5639527367930499447
5519080072013655590
9123958974413483201
2578163810801091871
2180730608301691710
79189666231686782
4061131427379376037
6079268747551307781
548381541800317167
6039682351677052057
1100176932858458610
3758629160143792024
8968088706075144146
1895019307108798343
1844148080274227519
4342591443549519952
7787933130262024749
8601998516721627695
5356795925038978970
7665080189211150
3321956072522312820
637756475871096068
857672665707333638
6688373538823726286
538169197426621472
7731767772820538454
7850552940024984939
9098668747977719099
2191808853535678406
8102896639590164310
7880776337685243105
8465666009328394485
7264545216005408669
8425111993040106702
2763771443002454938
6729796485866871848
9164820234464131126
6848912820394864508
480824887569584701
4161745813783630573
6721337941484295085
1395324245153822567
8428974539287297490
815759697860092253
2176120909743659527
3311408978047916314
2399845879228922488
7438697032367272640
7896846925588784046
1442748157136066396
4531741633411240140
4100819893256993998
8996739892633160284
6805384747189720897
654243648802025543
1002033255850179101
8361580298990770284
7437051289487501940
3794107251288115863
6027792519382071624
8560011186501214906
6207494479613897086
3087822711563941653
7169707694865304220
2137459797089386099
921824724402575938
3038487125273860750
8394040823425323101
7682736217859657665
2597086546165406859
2498045266933775407
4109936234010102492
155891442305982862
3498047433366379454
7197597390779556936
1332025810799398705
2056896602832218049
5143776450674198890
5512492737985523970
8239767951805707784
5852506615673444720
253488624363281998
6812429453382324888
361031774689369164
5566646897242573457
7099570505986414171
448365725255021980
3983908754185952898
4189827964750001073
5877483254771667101
1972456528595845948
6224011241303626332
4647737811714742963
7414579440818879121
3625994868684985499
2091243825127146242
8215366926780900640
6975424207255550570
5340565827252250326
3411063548468018317
2542156663943368371
5274315060282581636
1668161910227636676
6401289293379191347
3088520231144817193
6566575098254949797
5871330163889635285
7855129167373695848
6224450559555813640
4537086739729547014
6379488318604295229
2651007183483849372
4880133402460706107
8081562863741721696
5137467824820891859
5452449267791546143
2116593112186348378
3537798712742684777
3728920014299999147
2845095469275784462
6032273403848294734
6225434844616608184
4879384120276094238
1520247194683372162
6445164008729712236
2079381718915912631
8366930601756908421
7557792298423124525
6160398965466237531
3151788064346316435
3771451518440768171
6911879111582615056
7772790040273740688
1791586382900621857
3725041649126904016
3887125333587523842
1817613394819551141
8625635541264204607
6259298626218775671
2462907603320960255
7511301357494776454
51186996638580036
6610336060484103941
4659689773869605131
8308496367494298111
3987967128437693874
3916126039506677577
8377691026983466850
6483012802674371267
7281993330967024013
7502840018077651166
7102220149549046663
7539700465289432149
4437904349215695658
3796704510517700648
3749861785935081358
7383493419433397455
1585175938292297261
8884229394180923552
1774061786821176296
1999010839093599052
1865944677193296368
2700947898226522375
1792157696781653288
1591983079342681209
8471541180730859090
3611683864081517449
267682596394418540
2125877567485308831
922752682436955833
7276353600704280340
6101466599842286622
5999114739917235183
6632824462861994357
5975111675719964868
2401931247984487144
3591074004665897396
4829481423220726549
9180097357905564270
3953681241394563951
1017572006543485459
3394766495647963461
8732621981527507925
1456063311666515408
4775345024998780723
2307153524948302029
3244786933058315144
7373214296096070307
9116776649295780618
6521566686862004608
1907761390154525614
3566339333412567831
4040720563960373579
4160919459147950420
2915693837653647844
7165709365013810644
5445509875196920481
8966506071334592034
7399251442246296368
3223465441214739988
9009323982551055366
7643038620904621656
2056465584696437146
1308050350229404427
8041776380909272499
1915691572684362810
713000087240189646
5155528082041537406
7947891593441222412
2216020608151167241
1814869027026455257
6093792223896474624
7261574595991287654
5797778241033860714
4571029666976645379
3987076328663572333
2139643093918219556
7271854709077893833
8155691130474771508
6893427372561737595
3354635538837191589
5350426766761581456
1416095822384942201
407432199003011595
6538239076477822180
1864776076180786475
7963086389830830778
3858622236170743687
7670931965650031100
8429811307294186475
435234577453827960
4487188203697698311
4235233487409876802
8227248428748216760
3262504830191425825
6883751065854910567
7397312796927615990
998161286021878323
5392736445234766772
1329102956177753132
3538042215549945962
1678801861452066287
1922065081091083695
7318780260084280101
6448585161364494910
6004039186130998571
2478326776342385151
8719781207604970393
9077322940382427386
1217016835993517985
9000339569250836813
6713389235060566514
4191216171620068084
1051453593390082757
3292500843751002876
4809593238166701233
6880447322438419876
6530746241066798707
897420766882066344
7278359262045397114
5799168568675907091
7997932207682769792
6968462924276828700
7207988037489382516
5773538170565697285
3330056012312975561
7096358835918474310
5489579114615274060
1945061180958245727
3610517030981374877
8161179707085564733
4539201999009949954
4880382687510162628
1579188564004406193
2817740002185094049
4759228892765130731
662801103403502689
318352858758183925
6519693125186053469
7597705581582135185
2878795082774454624
8257091880761444773
3746955231880923090
8483792523838266570
9166529494736879097
4427355657571190757
7044530095163581733
7479212714675353558
9216977848695427688
8163868760872948219
7244710441803760748
4043801089039314431
7690448252414138846
8915686785676052376
5458951730231991099
279258679377514118
8069483622552178397
7954086352643584289
43238782355014532
8514825915960114202
1567113762165575239
2646796062787915860
3122011180278404045
5034228892552136146
7630299828960827948
966247854177679357
4829683954201090991
4974775936447056507
959855428684777885
2366798344556672553
5773391113104831822
5515271461492870148
3881464260078570511
504159178897589209
51277270730749079
495533571253600006
1784349444776116410
6864611861096393339
7610120630571883290
2702062491069700039
4928719438868923386
2670489123638899789
4924205362157184871
7584515484945292827
1049388608555853667
8199745104761381764
8231875829335861615
8963158673046848675
1957499642124125668
6010362512651522854
541292780900399665
1182986944506227080
3119202473452463111
36810794923551964
5319203368530581702
7269362634032885899
8965232176127283058
8116330563972491538
3427751132541257220
4618403433303830422
3742544550844528345
6315742006976129734
3888774923691191928
5183897220253462184
4687756388634110293
8454098040226035291
1189927825931317473
3465880253743482174
796300441861990756
6568457495472534720
3039999321784940857
1481980315108750195
7930148627804811162
2856411645586955323
5000780624277203077
342010669968078611
7217819311764064334
8683263816500591977
8740382471534298392
2851353548225026040
8540872386816224624
3995850894993852444
7011788607124696181
1684174355122862361
7564301284218282850
1330990397411555077
30334331102261167
2870389100173727723
2003886861728782492
949456103303781315
2893206641238914772
2018056804550147689
2801345156422892124
6362299266116229181
1641620409981951543
7373577440550890828
3205267956836840158
2772400997632858710
3795710879239310077
8030020528202607983
7512117562136230688
8769240906622004705
4029584366474559573
3351361860535523867
98201442401225265
2546342114949757143
474476886842328855
5948783855632567544
4275207473288427484
5663559375585467851
657526165461715846
8060831135476523157
3785875857668132230
3514010693334112089
1860858369633032565
8438215999051889980
1914073887150943400
4871207936867464465
6762666920133502867
4859335921579716007
2766753190715072524
9197122712835531515
3500867154823494855
41913117572382310
1700637855142626473
356397696362031
4095895081890301649
4677642262193155334
102502058031231972
6525453871771162363
6138312642227915364
3223090624572954673
4117011584589109479
6525747079469706604
4516520069359606892
919687626548972007
572100829987484873
1781466978222679918
419988472317444585
8463608469065076692
8385179630574462800
6179630015702900288
3492800060896825382
5948100398441864141
4196147331802723151
3302321429182016542
730158663084910462
3584554129318828033
3708468442432129752
3392770013998095514
3910972128444106428
7346013127980688723
7742485967307514195
8597840658259741863
4947007300226654510
6113260832826426919
9110335596554162371
6105693182768031886
7210843752880530987
7538824420865331020
2333794557550130185
3645280714894717551
7426503230364220825
6506430701191955534
8653578885781404296
573355182303700879
3320119727814118335
1387642530935863284
2665429766960905903
7136769150472970529
5915945930904714058
236002620645095281
7845910849335571286
7202743284588188057
6966918198032055997
2167389124110956307
2537671395706739178
1222094920745570239
7128784303517806137
7558617984057411415
1706793472614513231
5127521846785718698
5681918336520395037
8459078525804958105
2018408074771698626
8397200996176952224
6046687471636677156
4856505924642091547
8369688164800480656
676387672105628175
6301754037827693718
7677430936123983762
8824713305025530181
2404916160121667081
6737231982286187935
6690061574245216375
7739520501689233354
579376709286700252
853981747414381579
4233842099050641783
1711867373062403154
2555263547324631264
6342231508299195937
8055499658559100630
6022945445367499238
2648836780490461420
2227612924853680131
3656431091074007746
2027854920692604493
3537021041856407137
6315028065533775863
8426925644842680639
6951809450388073524
936890739824897652
1802847490095196730
2969881499058731128
1026219957935388210
2724197314810315677
8162692324270089840
3288605749612738512
8442464002447761691
1391704934494747764
8544066749033455728
583754296598862441
246984053372582140
6467119495909459380
950647060239591388
1753771535796933493
4129974383619732317
5847920444847629783
2924117606521157926
775922733029731704
5162644992305890923
8060402484297926531
262395647509594398
3629642899253509415
7939662723884535650
2960565729764286184
4558588089284538422
3066471948282993496
3044360256806805528
1139805924191823919
570359123948342810
740365387648715083
2021781331125922616
4887513819353735828
3511378379733904075
2917286802562388957
4010805296474516548
4749268751694441257
2243686406351777480
5494266455567904088
544573833028514519
5763762022264250564
3109485803093735796
7842568885503030846
267304814324312286
2667088919987907596
8258066600901146830
5572045062174629727
4657889301758010039
5610065897440962656
5478728788366450938
7565699865238719347
4293035578820263155
2972933487045341983
7193249371088016397
2665624106372185635
440934642670599879
745592172596374496
2769897705567581346
6972099867550956420
3765352365688610866
957294076067061069
1054294219582823276
7600244107849831335
6444005579396018990
6921911491658922170
3111629543370997896
8090973800619851096
5640842792088595715
7038997806303396079
160019246181839980
9037054517129247710
5748784587075001617
1629671252604261593
7250561456325466596
5039236920590311518
4152613091967344456
1048381894335508196
6068188850550165013
4369009562190755945
5272149036402358857
1795910663351568151
4623465772058930436
7670278777224842413
4417347853623061017
4414655041966138928
9077761875035605295
1375615877578652991
9104547787357105268
1079015369740940707
6114538785790797159
987109754297179696
7809816635933467108
3125391176340514333
5307327420143442009
4029419310311927195
1149509195079105356
5777862401959238027
4566216234919262554
5066346887846065410
9026633364710057958
8657261845142666497
4250904523269730957
4781499388980051507
1568900501300931346
8456203461760180092
3233190679341923073
5830934060797029133
2436035372813060359
6944063640505463649
6869367395387648410
4092023487626110792
1358732716156571011
545455526409651899
5214128948653972737
2111920652673673447
3043061516113917732
6208401351166247948
6474190836513068041
2188870222915652226
4003401526947517223
7335300825653942703
704511137720483081
2931083439758852429
53938104097461079
7411069349036216139
4520535312547128113
2382570700580309154
1814693262036297069
1087990187737290194
3365163860513613692
6200209841079508405
2735699005064755091
8787400572406329544
5648120585773651121
1916607870317754562
256738983546706202
8815486311955238724
571555626325662912
751940041539642418
8963799765983191259
26125553597265893
3909007495482060512
6276238363912260903
1152264300637466350
6562132867615330250
4966063489556433449
5263047829177947870
7964065098200619239
1918278313483309832
6786459976436144081
3252552956481686912
6695715906401741311
2636703473233168765
2301849763578109486
4159711989296325610
3522455197153253742
2076110560865688492
8496108795115814791
1187945073582656486
8708093360014207260
7831670735663124412
8277819842949199109
1274670514556188455
658578236649242768
422934074177456303
705902347663295154
9135319320558309752
4899972786115624007
4129134295051054887
9210832168752783925
8132502536969157806
7258833290831078930
5226967864408367542
6937615523651201791
4028450945449373390
5397838398505723427
844976844649141329
1364531235419658663
3265192592310858965
5685235736594126030
1890854909610031456
7494583689478439916
484986786823790908
7580224207061209577
5449588332760335922
2053511128526687922
8113872052401883191
2627111263365055964
2815477498915373115
5332173534424447198
1826889448432063444
1521087783768135010
7271550858548689425
759924120317945473
6961311072870994689
5821290780351249284
3130332847987277460
8549360364217348519
4260690689284537219
8276265483482198071
1575511217596927361
5344202231677698174
3057519409348427248
7976406089775769480
3172507977537097880
6217838463613014881
4517138829539405564
479164154811644041
1858199157851647051
2598039032797008278
7934821185157099816
8054087853579315468
2318382929041753284
4999672504596049135
7496993978633240441
2328699803880438705
6135059936140258071
560623354497579650
5363766638095692655
1080293311514925987
5408903035125244956
7587042983977140817
6508256669077804918
8629207088396608783
1828999733873902095
3491071253165937873
195203981287689528
4202764031629995595
687459749114848878
8197551601363602087
6405231559125832118
2648208133725370039
3148049293009885578
7778188327440464730
952998822468126192
6136551605099407222
7501847078544969463
1538820195380578059
4453968761278920004
3264373127432272769
2556207440136358784
8156385994532281433
6705645238208727442
29489316469815065
7438912155097334045
5655550320931331019
2064776694945951989
7683909774917255867
2116577441776956352
4348985263072153947
5605996008689181389
2025519548772432606
5160802879241381134
2450088319744356576
2651097793264597406
529382523543938497
2578955314333616233
5818564159385538233
4721263406047810191
7359631462640561652
3887100424881940119
3759569378955072781
3852471042821105229
6619721919819910055
8252183136918443556
4225278222469484039
4451282460767321659
8431840867172875978
5850340244338620726
1274881255226965165
313917547192237650
72783259648358792
6011127476358695521
44082470795294420
148511740963958282
2531157637498029950
8808945399252040195
4809098939226602455
4892395903846159708
3959369655236078085
1896977556416399746
5625470525595958864
2201650830308509474
1816743567642009289
3296947950135632955
4432528968847638356
8352052485404550488
627574289255546376
4500018804245179406
6331645977634203828
9056999521981593924
7287795069121140535
1057686985410074433
4934826445009683399
8424205424886053827
5051285068303974902
7371509364030429530
765016555668806349
5158875542621461079
2091784525683311169
1552175314545107643
5345164845722033378
5308864246873768307
2270355298735820588
8504514387710919721
7654640748461528398
618781119217407354
1170436918827975976
2552048551186178769
8492534746133559542
174405237324574733
8936548509140006716
1195341523134196244
8009998842389139040
1163563677847186242
4003178871746223537
6020932297180864171
2031636402143738609
5434849370110480411
2104359983256181532
2596257878885587856
8633836279776012288
259223826825325013
8823284433991304691
404884139321347697
6884666622277971247
5542305351718244179
203763097906136613
2741648563172926869
5997145882932081989
4201873603784497042
7609666717324505392
3336713446891455919
7942758320665330165
3278418045635457162
7242313880721642063
8744097774037036378
4681973017348042749
5763799139385574247
4956867673791513521
473841564009849050
4033800989569096204
7396411364795393378
5464193713910718996
3730460538910145589
6538332584506767025
2709005619094555977
2345956374755913347
7042729677464967489
2307553392923931814
2814939240350969533
7840802108987451348
4958165792745424050
81517092857239059
4348952053365191892
3506479594326197963
824546350923534717
4452875060061342264
3350220490158859578
2839270583813433026
3285294588477652988
1887109497899579993
345725736589133102
2641001217698563386
4219649411984023563
8145234710560540699
293468103703274667
1416183088875837515
5784381502175383295
4828973835091344988
8238332247198869826
5193406878278331590
5272008822965913670
4487057801507610706
5239616143365184660
3150842578303646897
651637453724812296
3132512839869647640
6155706110068876251
8437411663903790173
9072327948511820737
4874195944254205387
8371614832473467728
5888777750162526998
4832574938776565676
2597884070633623755
4506460587755282381
4794913515404183079
3423432459974190331
5609043793103891008
6497783192685162924
1331403684379313709
3117524106610295274
6119884298221417076
1896912974039994802
2761634220428367990
9119487130027995041
1847688306983221701
5035555380884702287
6639949546702415505
637662140163187137
7552189750987904369
7508030879827573335
8603105700674905889
3491274818939129154
3746636578880258489
7600969882423763191
3586156313179272257
2595931603374718815
3950828434158873171
1234280902244000561
7665619815025824209
3097804434786747079
5466473570747174635
6727116443948005351
6027659226117589901
5248072931924359169
790144155547183919
7665246457778913679
7220421353733740344
8047578648768520712
1232432839759267799
1090794146117741284
8310783912075779115
8127616091029959417
9050339198633551343
5647767539176595797
7020947713552105507
4519955714716010892
460613606926596933
7306297375647113333
545488928833300911
6418237615714295857
6829671952006403713
6458338328174415393
628447881924307361
2404411402692416247
1125654549714778333
6529719892644667320
6432678797147641097
244206239632498556
499551067890330703
5499580840845400225
8438465264693894277
8576260841932493168
8466573131763306867
669293705989916944
5830465118919044939
7675881743911606552
7115550451080819545
2440998613166336450
6361314223306209399
5990337417806996280
4475050832323842124
701060430026635772
2530875905948036164
2158135907318105585
4372413441103205043
1934843901300056309
8398574331658808500
1766608193349399483
3220568361279513048
3917893444138054202
9158143411766723174
3204385524815540210
207089613685175674
5060300993348737097
5822907597037322578
7213680247670402099
8516792684333538261
2594944385984745473
7290310236692931357
4031947051689624931
5480555318905308840
2644269958554933721
1306930785187052568
8325341469241711423
4003048373743566509
4123006072265534928
3828147212069630226
799367426462539685
7983561551297014535
4309983925391264395
6283595680228639890
2033269046692093701
709194579458924657
1956726288204807552
2002723692597890815
5821997469034874211
4530929926776199575
8505742752782770933
1495787104978795295
4550800521609428126
6638629369831104329
7817178761547947095
8470216532515287089
8348956503302597649
898915671243016132
336831760374489400
6460766820591852379
4225460293913002940
6900192421644308077
3917651511683830271
3167944002569276998
4431811572433403098
2733709715768200169
9003765402735538179
5450865521792353274
5254796485709717037
2036329922603078163
3951957387758429481
5250032191889389296
9070149607190258328
1017406798137975398
8752294295574816503
261083476749357068
41540085926819
5499668889206220207
4981769267136002072
2807073055322396300
8997799167749416106
2342629584904979163
3631145728827348111
1870704405606396999
1480123398875941692
8963462221127230208
1552054558976630475
1169200630906249181
145075050329991640
9021227952681981829
1831769316627584605
1187964287827508188
495310277491029304
1500905539244934805
876862940650192703
4311174967380800760
2471423399811037371
8551508946152010709
4513803879586619021
1104259962308616839
1323784296336908489
3498157074185101305
3252635403628872004
1517473751124101981
4329580805155891983
5422731713015228099
6320483146614318904
8419538435590254210
2164793818700931077
1660609092036406775
178233460587326013
1585993188934654158
4179030782746264280
5086389645742039118
4575415681789129443
5503476541382049942
4827351927626162326
6347744714533913755
2492666072728846266
8157238868646962605
316760924081892604
8760880759283722578
1962049429806399690
1173182072293068528
6449961342186834976
4669315370729073972
1060936325222302252
6168326660280400389
7477572027441596125
6065944330405696393
1942227928526438964
8012074314938952493
8610109866128736161
466346239176791131
3242671318987747032
4238462582528325969
203638352472577218
2525856582542128301
3942176926171869663
3135667247780932932
8485170759353436150
5661828018899180478
1486608367249439118
3934862175291522794
8135036837413867638
3836219417962849458
6139362144084471554
6598970912931651418
6971508337554916965
5581069074181210019
2807196822215385351
4375132267585274002
960058009562222517
9138022133788511202
6800371073839061516
556207143615033073
7112625057867151019
6980920154203873196
4648722609219419218
2691021060703147784
4329510497103673014
5404144437420428137
6485113708773550341
9064605423761998715
7820478820519663414
5616200453702593155
1414825801998154447
8585765482323569512
5198133709986024777
6776205571207657011
6086522812885233905
8009625370834147498
5332538482045453397
280433502508241406
3291727505431846804
1063857628643667273
1088215029262103565
1166898835151204785
713854577440342660
7866435177789595169
5883076663617059974
6374355811077036312
8246623268206968138
2838752223705091165
2254151753531528268
3811367745214917977
7402428187836818242
8978220893959334990
3898411121460287955
7303159347389775492
7551787824203967639
2811180453434265529
1745248657530923684
5751997647228461635
5548204261277849633
6213235598212288359
5016119498320784677
7925040099922508482
3372373323816824849
5795658841941332707
2758374662246829266
3363713456165800346
4737779940667368287
2698452217848037784
7552940269209352486
1175068320649897454
5783997211927374704
5571636062484592736
2063908885930378982
1328526297787824295
1474097318138637597
6926739443067374268
6895905853166053963
2946720606090320983
4831412146511872177
5756121732801555551
6816981934422259855
7702108485196920606
1560670064442487133
3607046314188342178
5384279899917681245
2599246620763835847
4084820326439404393
6368526003346262404
5070192223637383608
2689275246586116695
466035416500259335
738522949204081407
709431223269461924
9047164312692050974
5874831927419165613
1359952282452826979
8395149783619239759
246781942732674640
6399767930764267938
3289464383297301189
8319369364117386997
1688890297229994544
442303049484240871
7807949185837978652
127756227829116654
5288538017424111551
1019516787888925232
4437582408572999897
1787698758116034077
6598658634163781853
6745938361986919583
5206104507120322685
297351565833174329
7946799465744230596
7499376224306867696
3331945022108331649
7870370145228057051
4073709321256886182
7038218089216371414
1818293365764756415
5759650681577122884
3828132888583494350
6857152475560413510
8192313538775404719
3399740110961815074
4135419534951107485
1803725974117257612
7571169910214148907
4634235848095436223
4152666830030051784
5773671231500350011
6644770809924753102
2881675672894053322
3295208820533079823
5202945784841892584
4109468455915070146
3937829166019949295
2380410536274057141
530447792292950184
4920732011006850127
5151819975274000919
2531427194910496768
7778801281861725140
5225262135752612456
6102260903941021596
3642784906273594414
815149456638833384
285719258844080303
7621905208591415183
4624971632464961208
1270118571849274157
4743944013109328490
8236809753379099316
6093700541679237512
2918937364763908172
5091367795317918841
2981136957828409959
3228275674866300318
8354866003176604756
5949584583022827282
6383440132572369354
4415705645891753399
4295433997433661680
1771613282502465272
2400510644236672624
45543538338859212
5124648296480434493
998550524166228467
1396120139429078048
2975530000756131159
3927924655667509658
5178013890702059520
3108726066789421456
2658657235470848888
145794451188095671
8289392589572108017
2958379598687745132
3399571917013337208
7437469839694045431
5638491684935552924
5631643722561441725
6093808055687309938
8455906893804459740
8086477246286012721
7663090797395482620
8384919717238613162
806970827109989048
2076216438038692464
4547936455060801290
6518603302548349563
4103189587719007013
8191019262367459531
2676091609642439719
7947192804473629077
7436056620002042312
6236539852345850723
6195923233152214585
6277660146199832364
1743802854957399454
5524837185492879167
6191588874349472366
5523003798837373943
5112305591120192713
2065558671707077833
5315886874509733730
7622932712718452685
1986054275636641589
8713582981397760037
134603081045221448
4204316263020334561
1624227058362427836
7625168488221171455
9002699824951278101
657058998106764436
3223981194689283798
7497074265736105768
6260665133086938726
3686349735452510532
9026673251429358102
7213711416399084808
7429011025288980709
5666852460055035744
1724525253827816812
8521725948210416109
4547609903653268710
1976094394407619095
6438685098010847479
2500818121973419040
2184938268893090792
4687347992768599040
7354352012672037080
6429825521862133517
6157001601679097066
7598637319761545478
21710940499337402
6361542845833532496
7519184957197565688
6002039576127298704
1674654080260399813
2147040297343609311
2422185073812240514
8487991924167203664
5682545754102257028
450941014675244827
5768774458893704956
4656115274682035236
6096189877572311571
6760248810272791781
7450664435826745202
2698514735868831958
1951240041671238090
7606162554490887728
4984999329450119452
7055868359098813551
1887707219486698898
7281617521798371578
3107329536683782400
7489399249961001816
3621159129329210950
5912479390323202860
5453090867193738186
4599775663341880751
8830198476245621537
3528113428803951786
1799489093246038436
1144811163937555827
1030529251790678136
7252748788709194330
429723531011738746
3671069205147611967
2783588004864947141
5092158715515864389
2463077054152598191
9083902868439815527
8556387154776766662
9144102826720808424
7407780485400932326
7447963194300571286
5611693588810683574
3558189004045820507
399562494094274368
3932605432480146531
3709274597576671006
1950310617672656447
5743097277123854096
3586586593152897031
3634678226193682661
566364161842920106
6576336065123976630
5067619578860609480
4620144490077067788
8581274162282412399
1484625829880919416
3874847842050147750
448042049399279962
2839117285559806794
8505725448243405950
266799492359643686
2432245047544355052
3722921800327220080
1127772243597187835
1544303236887524382
1156734439137395825
737155459057594958
5759036333399920234
3934864245968323572
6807921426732151138
3630681602577430261
5997204994593266764
8582334294817567364
1528261864523480044
5779720168577652748
8135283238580698360
3617664875262253293
3690607604679272499
1033131497298339149
6662921593971920006
2421767889533703119
4285241327432851738
6074544082455986188
1302493735133765700
411464256586827580
8951894790764628038
8612795061876521236
5231610863946004592
7916334945744135141
1884558003034832097
1371568759627273449
4481051274814173345
4069971511817861865
3002317151436266974
9119588646117640578
1704047545725381344
1821669502787125830
4159843512445653525
1583524844066196310
7085592434189318284
8738797329761101322
3440085765645381956
4185668969182817346
4752225651192581563
7919948462935057128
3393767811558001645
4172989024593819834
3762773704855603368
5943118987930573854
2571082880742303979
2295334000869243442
5995996196992599954
5369656785752406592
134000331265263661
8848152924779869421
2044858431242628991
1382345004311211750
9035708012588188743
3968681042774796533
4957642739605165500
5936524805527119033
5222431410023513372
6209292476942618727
9201531536689984120
1184941598206010261
3124812235525960445
7863739820202812124
5493172448851343811
6507452420929129549
2893104975439432214
8264429679160235069
5299912653357773221
8192910867332407462
1496719077625730849
5613714470942426568
2579486378644480392
3146611143197620904
4292364785621881605
3509569640845589189
4353174975671248438
6305795999514827768
4367392814125521454
7292483246513396440
1112239279730563404
4547348090380964393
2024991317771208380
676515401691399494
7860745266074086474
1836370932317158177
3203197841359791786
4640365204610461052
8540391758431042314
4689693635385034626
2909602718407913161
1352429130286944795
410080886479240774
6253714080211864646
3930858517315515289
6151661656257953616
7395747160917947386
7997964373928649402
238779305446675225
3090371789200874203
5692681060838224475
6458496437573094078
52672877969658706
6449808964725693965
5901848620779581329
4725348072923521061
7097605403921901046
6068033589092291643
2286342574688261245
4400695465126427837
8421945214297114353
6685256885772852178
2363375769699597562
8309046126429556417
8271164376463472320
5679043389326036032
1894817026352982517
6359948424391328595
4022402777505311482
5600363903233126300
1620882359269385890
6083555568828696455
4624731491251882772
5019223185674841778
8900918436375900804
155840254418426692
209865646297031973
8619942605068963114
1530953567739550896
8665036479604064221
6974136348730827863
1857741457795367962
6648039575033317936
464266592348018485
2397111908463881683
7277900049361618863
5485449901413622414
5723478310632492392
8393355429824450805
5557273280410575800
7367312785314412568
6900529169027255366
21874749219512627
3914911961762456694
3726268587305788439
4766015887040178282
6351706355156784367
9054876128971882651
5474050547530332619
3525494590229119250
7193564733783485645
3542985593349649414
2403468030960448384
753956319935341451
1825023136791274380
7360567953078601
8863088875175729583
5367173066177812556
780677090525403940
4770628694196992667
2882132898044070263
840575460071763351
4771963327039231856
938381084057995125
354617037061260096
6283683777149351933
8877021217053215359
4729677374964897654
681556008825208586
3264595367916464077
5475514243259280582
7923929520874148556
7979662827856255402
7456485472325509232
6708508444489945071
792889326473435930
8335777536143062510
2098604265890406624
7625409733921445587
2197823803468989358
1207342434921128124
3825719558863231144
3659772884734243935
1224668352686842105
8312710865502501860
6156834980939868513
8683498077488299885
8367229240820752748
3409117198147077994
8927775188704184077
7721652906884795276
7452829162907273013
4450498302911671363
8269271118475754910
2981386118108722818
1052399760466419303
4744093431488434597
4474666713682939336
3054797810833893200
3104146281165690217
1860955007416490544
8961562849192797952
196776718795624660
6832672654109208691
2209744074332383805
6265602465392838043
8089765213775874669
6596648055235519246
150588871272774328
4389250418736624026
8382683988302398043
443880702671924729
1549007771320081638
2878883612871545100
485713103376902045
1343433888710944350
7854171132061323306
2399916830371943091
3119525431134041287
8414013962048162462
3271794063537757565
2111476744282742628
6367295660009197956
2949212154984600871
4344525413869144978
74453513858117072
3638378335262495440
602101078343827757
6995270825193975475
3543625837069250720
3971278519784619366
4206388096878117311
8909441003042617709
6810426036455981819
5010471364155929030
5015894976444972909
1930435246853725195
5823787485542304225
9120940185435895224
4000465369532264980
