8708093360014207260
7831670735663124412
8277819842949199109
8361565819222073664
1274670514556188455
658578236649242768
422934074177456303
705902347663295154
9135319320558309752
4899972786115624007
4129134295051054887
9210832168752783925
8132502536969157806
7258833290831078930
9172732693131615264
9160216505462179833
5226967864408367542
6937615523651201791
4028450945449373390
5818494876378353075
5397838398505723427
844976844649141329
7545124860621777840
1364531235419658663
3265192592310858965
5685235736594126030
8068792072010885516
1890854909610031456
7494583689478439916
484986786823790908
7580224207061209577
5449588332760335922
2053511128526687922
8113872052401883191
2627111263365055964
7484916131750223841
2815477498915373115
5332173534424447198
1826889448432063444
1521087783768135010
7271550858548689425
759924120317945473
6961311072870994689
5821290780351249284
3130332847987277460
8549360364217348519
4260690689284537219
8276265483482198071
1575511217596927361
5344202231677698174
4039175552274797140
6171715710010022437
3057519409348427248
7976406089775769480
3172507977537097880
6217838463613014881
4517138829539405564
479164154811644041
1858199157851647051
2598039032797008278
7934821185157099816
8054087853579315468
2318382929041753284
4999672504596049135
7496993978633240441
2328699803880438705
6135059936140258071
560623354497579650
6479256115692722220
5363766638095692655
1080293311514925987
5408903035125244956
7587042983977140817
6508256669077804918
8629207088396608783
1828999733873902095
3491071253165937873
195203981287689528
4202764031629995595
8076543722074582017
4092141083557247425
687459749114848878
8197551601363602087
6405231559125832118
2648208133725370039
3148049293009885578
7778188327440464730
952998822468126192
6136551605099407222
7501847078544969463
1538820195380578059
4453968761278920004
3264373127432272769
2556207440136358784
8156385994532281433
6705645238208727442
29489316469815065
7983950921480185708
7438912155097334045
5655550320931331019