5034228892552136146
7630299828960827948
966247854177679357
4829683954201090991
4974775936447056507
959855428684777885
2366798344556672553
5773391113104831822
5515271461492870148
6093282752645685447
3881464260078570511
504159178897589209
51277270730749079
495533571253600006
8819487522721829018
1784349444776116410
6864611861096393339
7610120630571883290
2702062491069700039
4928719438868923386
2670489123638899789
3530288166095899121
4924205362157184871
8800640261621706296
7584515484945292827
1049388608555853667
8199745104761381764
8231875829335861615
8963158673046848675
2663720041513338551
1957499642124125668
6010362512651522854
541292780900399665
1182986944506227080
3119202473452463111
36810794923551964
5319203368530581702
7269362634032885899
8965232176127283058
8116330563972491538
5673015397776024317
3427751132541257220
4618403433303830422
3742544550844528345
4803513455839501673
6315742006976129734
3888774923691191928
5183897220253462184
4687756388634110293
8454098040226035291
1189927825931317473
411275743632118075
3465880253743482174
796300441861990756
6568457495472534720
3039999321784940857
1481980315108750195
7930148627804811162
2856411645586955323
5000780624277203077
342010669968078611
7217819311764064334
8683263816500591977
7874840420200806411
8740382471534298392
2851353548225026040
8540872386816224624
4342502294186159791
3995850894993852444
7011788607124696181
1684174355122862361
7564301284218282850
1330990397411555077
30334331102261167
2870389100173727723
2003886861728782492
949456103303781315
3056150289292304389
2893206641238914772
2018056804550147689
2801345156422892124
6362299266116229181
1641620409981951543
7373577440550890828
3205267956836840158
2772400997632858710
3795710879239310077
8030020528202607983
7512117562136230688
7390422127556872981
8769240906622004705
4029584366474559573
3351361860535523867
98201442401225265
2546342114949757143
3064511997367278182
474476886842328855
5948783855632567544
4275207473288427484
5663559375585467851