5259847702224307345
986526599303243796
7907429615184476702
4096680627843048024
3095643477961005034
4809199873603051832
6462768270432077318
6234408788696355680
5764845953555875677
1916690129779534651
3240591479611376795
4655151073851767293
6398864294938849825
7013904931329299276
2755826834728977117
1333532054147255122
8834221052689968640
2990001627642466168
5271895021172316373
9184401196831706303
3520152334074589584
7297975987043621075
5035057302579570099
3912772864417548974
2977647695708925451
2464380563040824523
145553048910587372
8411140491045299658
7271087000714997937
3348822142993288439
3889048271807527666
3903497771333152017
4231218365150823354
791366801318567506
5533254329990949277
1135519059930550667
2962544154845765499
4451640765190074195
8601854292324788426
212848056672826912
2032035948464065849
5962823701869074991
9744235290042145
7423543658013811571
5839937493441305124
914646367604664033
1556083295615987048
1735086651116414392
564060269382110485
1016795606277288218
7187021104018427812
358248252879208001
9169947687770604431
5222694784642855652
4169100327623110203
360630798575292310
1952516077342896474
5123179033751610544
131542456149600210
5122471516800429969
1735052586828916482
6329162550534297778
3258786843934278224
7082719688680334903
5410213205483604636
573387956560107988
255378901192086838
2535130139898466601
5301952888728880271
4253494231756267710
4450324459756485961
1100468321302387829
110653734732904533
1814901740864015426
6502178250486744187
1735122373186537133
8044595008961241580
2247383226719755211
3025555463609862007
5834095006157379554
5017160346061922424
4532659734674390956
6053668029788867309
9130642665325530052
4072387452364024509
9174325596310527640
4915756862112632631
1412833396483289967
3402521536867833449
8487109037341240826
1801968352574925008
2464208871648335491
797849824461427961
2560524228207640904
5519080072013655590
9123958974413483201
2578163810801091871
2180730608301691710
79189666231686782
6079268747551307781
548381541800317167
6039682351677052057
1100176932858458610
3758629160143792024
1844148080274227519
4342591443549519952
7787933130262024749
7665080189211150
637756475871096068
2280158738520920181
857672665707333638
6688373538823726286
538169197426621472
7850552940024984939
4662298036678806683
5723001036728812821
2191808853535678406
8102896639590164310
7880776337685243105
8465666009328394485
8425111993040106702
2763771443002454938
6729796485866871848
9164820234464131126
6848912820394864508
480824887569584701
4161745813783630573
1395324245153822567
8428974539287297490
815759697860092253
2176120909743659527
2399845879228922488
7438697032367272640
7896846925588784046
4531741633411240140
8996739892633160284
654243648802025543
8361580298990770284
3794107251288115863
8560011186501214906
6207494479613897086
3087822711563941653
7169707694865304220
2137459797089386099
921824724402575938
349052525022474448
3038487125273860750
1662812245957786392
161755782206756835
7682736217859657665
2498045266933775407
3498047433366379454
2056896602832218049
5143776450674198890
5852506615673444720
253488624363281998
6812429453382324888
361031774689369164
5566646897242573457
3120572478639691623
448365725255021980
5877483254771667101
1972456528595845948
6224011241303626332
4647737811714742963
7414579440818879121
3625994868684985499
8215366926780900640
6975424207255550570
3411063548468018317
1668161910227636676
6401289293379191347
3088520231144817193
5871330163889635285
7855129167373695848
6224450559555813640
6379488318604295229
2651007183483849372
6450155283289558078
8081562863741721696
5452449267791546143
2116593112186348378
3537798712742684777
3728920014299999147
2845095469275784462
6032273403848294734
5792492331318034961
4571640528739610857
6225434844616608184
1520247194683372162
6445164008729712236
2079381718915912631
7557792298423124525
6160398965466237531
3151788064346316435
3771451518440768171
6911879111582615056
1791586382900621857
3725041649126904016
3887125333587523842
1817613394819551141
8625635541264204607
6259298626218775671
7511301357494776454
51186996638580036
6610336060484103941
4659689773869605131
3987967128437693874
3916126039506677577
8377691026983466850
7502840018077651166
7102220149549046663
7539700465289432149
3749861785935081358
1585175938292297261
1999010839093599052
1865944677193296368
994013429439415259
1591983079342681209
3611683864081517449
922752682436955833
6101466599842286622
6632824462861994357
1440608898232358770
5975111675719964868
2401931247984487144
758850534775843023
9180097357905564270
1017572006543485459
8732621981527507925
1456063311666515408
186816388509017801
4775345024998780723
2307153524948302029
3244786933058315144
4504108682155464422
7373214296096070307
9116776649295780618
6521566686862004608
1907761390154525614
6577842210412303846
3566339333412567831
4040720563960373579
4160919459147950420
2915693837653647844
7165709365013810644
5445509875196920481
2848184330599471157
8966506071334592034
4209258554934179706
5155922553884222206
2056465584696437146
1915691572684362810
5155528082041537406
2216020608151167241
1814869027026455257
6093792223896474624
7261574595991287654
5797778241033860714
4571029666976645379
2139643093918219556
3354635538837191589
1416095822384942201
6538239076477822180
7963086389830830778
3858622236170743687
7670931965650031100
8429811307294186475
435234577453827960
4235233487409876802
2917388230209017931
6883751065854910567
7397312796927615990
5392736445234766772
3538042215549945962
6030717737417673332
1678801861452066287
7318780260084280101
6448585161364494910
2478326776342385151
1217016835993517985
9000339569250836813
6713389235060566514
4191216171620068084
3292500843751002876
4809593238166701233
6530746241066798707
7278359262045397114
5799168568675907091
6968462924276828700
4619932790928181008
7207988037489382516
7096358835918474310
5489579114615274060
1945061180958245727
4539201999009949954
4880382687510162628
1579188564004406193
2817740002185094049
4114043883533544707
4759228892765130731
662801103403502689
6519693125186053469
8472307394498870027
7597705581582135185
8257091880761444773
1252383885449044502
8483792523838266570
2406377483495085069
9166529494736879097
7479212714675353558
1124125490107463373
2792746426636274818
9216977848695427688
8163868760872948219
1672094842859115420
4043801089039314431
7690448252414138846
886398045945765440
8915686785676052376
5458951730231991099
279258679377514118
8069483622552178397
43238782355014532
8514825915960114202
3787895230104156727
1567113762165575239
2646796062787915860
3122011180278404045
5034228892552136146
7630299828960827948
4829683954201090991
4974775936447056507
959855428684777885
2366798344556672553
5773391113104831822
6093282752645685447
3881464260078570511
51277270730749079
495533571253600006
8819487522721829018
1784349444776116410
6864611861096393339
7610120630571883290
2702062491069700039
4928719438868923386
4924205362157184871
8800640261621706296
7584515484945292827
8231875829335861615
8963158673046848675
1957499642124125668
1182986944506227080
3119202473452463111
36810794923551964
5319203368530581702
7269362634032885899
8965232176127283058
8116330563972491538
5673015397776024317
3742544550844528345
4803513455839501673
6315742006976129734
3888774923691191928
4687756388634110293
8454098040226035291
796300441861990756
6568457495472534720
1481980315108750195
7930148627804811162
2856411645586955323
5000780624277203077
7217819311764064334
8683263816500591977
7874840420200806411
8740382471534298392
2851353548225026040
8540872386816224624
4342502294186159791
3995850894993852444
1684174355122862361
1330990397411555077
2870389100173727723
2003886861728782492
949456103303781315
3056150289292304389
2893206641238914772
6362299266116229181
2772400997632858710
8030020528202607983
7512117562136230688
7390422127556872981
98201442401225265
474476886842328855
4275207473288427484
657526165461715846
8060831135476523157
3514010693334112089
1860858369633032565
8438215999051889980
1914073887150943400
4859335921579716007
2766753190715072524
3500867154823494855
3997649018908405103
41913117572382310
356397696362031
4095895081890301649
102502058031231972
6384845986974302783
3223090624572954673
572100829987484873
5258072610236434231
1781466978222679918
419988472317444585
8463608469065076692
8385179630574462800
6179630015702900288
3492800060896825382
5948100398441864141
3302321429182016542
730158663084910462
2749347278617034886
3708468442432129752
3392770013998095514
3910972128444106428
2249382008773133413
6113260832826426919
7210843752880530987
7538824420865331020
7426503230364220825
8653578885781404296
573355182303700879
3320119727814118335
1387642530935863284
2665429766960905903
7136769150472970529
5915945930904714058
7845910849335571286
7202743284588188057
6966918198032055997
2537671395706739178
1222094920745570239
7128784303517806137
7558617984057411415
2156810983320094625
1706793472614513231
5127521846785718698
8459078525804958105
8397200996176952224
6046687471636677156
4856505924642091547
8369688164800480656
6301754037827693718
7677430936123983762
6690061574245216375
7739520501689233354
579376709286700252
853981747414381579
4233842099050641783
5564508630029611157
1711867373062403154
2555263547324631264
7116289977184313589
8055499658559100630
7143873900873419783
2648836780490461420
2227612924853680131
3656431091074007746
2027854920692604493
3537021041856407137
8426925644842680639
8207698537473816864
6951809450388073524
1802847490095196730
2969881499058731128
1026219957935388210
2724197314810315677
8162692324270089840
4470655595550578767
1391704934494747764
583754296598862441
246984053372582140
4233459312763661752
9197399236406758746
6467119495909459380
950647060239591388
1753771535796933493
4129974383619732317
5847920444847629783
775922733029731704
5162644992305890923
5840746878206051047
8060402484297926531
3629642899253509415
7939662723884535650
2960565729764286184
4558588089284538422
3066471948282993496
1566077539290689685
570359123948342810
2021781331125922616
4887513819353735828
3511378379733904075
4010805296474516548
4749268751694441257
2243686406351777480
544573833028514519
5763762022264250564
6978413372006968783
3109485803093735796
7842568885503030846
267304814324312286
8258066600901146830
5572045062174629727
5610065897440962656
7565699865238719347
4293035578820263155
3824292961811080631
7193249371088016397
2665624106372185635
8157159214862159373
440934642670599879
745592172596374496
2769897705567581346
6972099867550956420
6444005579396018990
6921911491658922170
3111629543370997896
8090973800619851096
5640842792088595715
7772372249873171056
160019246181839980
8814505730006536183
5039236920590311518
494444076574461486
4152613091967344456
1048381894335508196
6068188850550165013
4369009562190755945
1795910663351568151
3172973055223574354
4417347853623061017
6711074722528954209
9077761875035605295
1375615877578652991
1079015369740940707
987109754297179696
3125391176340514333
4029419310311927195
1149509195079105356
5777862401959238027
4566216234919262554
5066346887846065410
9026633364710057958
8657261845142666497
4781499388980051507
1568900501300931346
3233190679341923073
2436035372813060359
6944063640505463649
1358732716156571011
5214128948653972737
2111920652673673447
6208401351166247948
2188870222915652226
4003401526947517223
7335300825653942703
704511137720483081
2931083439758852429
7411069349036216139
2382570700580309154
3365163860513613692
6200209841079508405
2735699005064755091
8787400572406329544
571555626325662912
751940041539642418
8963799765983191259
3909007495482060512
6276238363912260903
1152264300637466350
4966063489556433449
7964065098200619239
1918278313483309832
3252552956481686912
6695715906401741311
2636703473233168765
4175896308843366790
2076110560865688492
8496108795115814791
8708093360014207260
8277819842949199109
658578236649242768
422934074177456303
705902347663295154
9135319320558309752
4899972786115624007
9210832168752783925
8132502536969157806
7258833290831078930
9172732693131615264
5226967864408367542
6937615523651201791
4028450945449373390
5397838398505723427
844976844649141329
3265192592310858965
5685235736594126030
8068792072010885516
1890854909610031456
7494583689478439916
484986786823790908
7580224207061209577
5449588332760335922
2627111263365055964
2815477498915373115
5332173534424447198
1521087783768135010
7271550858548689425
759924120317945473
6961311072870994689
5821290780351249284
3130332847987277460
8549360364217348519
4260690689284537219
4039175552274797140
6171715710010022437
3057519409348427248
7976406089775769480
3172507977537097880
4517138829539405564
479164154811644041
1858199157851647051
2598039032797008278
7934821185157099816
8054087853579315468
4999672504596049135
2328699803880438705
6135059936140258071
560623354497579650
6479256115692722220
5363766638095692655
1080293311514925987
7587042983977140817
6508256669077804918
8629207088396608783
1828999733873902095
3491071253165937873
195203981287689528
4202764031629995595
8076543722074582017
4092141083557247425
687459749114848878
8197551601363602087
6405231559125832118
2648208133725370039
7778188327440464730
952998822468126192
6136551605099407222
7501847078544969463
1538820195380578059
3264373127432272769
8156385994532281433
6705645238208727442
7983950921480185708
5655550320931331019
2064776694945951989
7683909774917255867
2116577441776956352
4348985263072153947
5605996008689181389
2025519548772432606
184870454329738303
5160802879241381134
2450088319744356576
2651097793264597406
529382523543938497
2578955314333616233
7359631462640561652
3887100424881940119
3852471042821105229
4451282460767321659
5850340244338620726
1274881255226965165
313917547192237650
72783259648358792
6011127476358695521
44082470795294420
148511740963958282
2531157637498029950
8808945399252040195
4809098939226602455
4892395903846159708
3959369655236078085
775414498850314439
1896977556416399746
673908879684205576
2201650830308509474
1816743567642009289
6313426998288030611
3296947950135632955
8379317260146243939
4500018804245179406
6331645977634203828
9056999521981593924
7287795069121140535
1057686985410074433
8424205424886053827
5051285068303974902
7371509364030429530
5158875542621461079
2091784525683311169
1552175314545107643
5345164845722033378
5308864246873768307
2270355298735820588
8504514387710919721
7654640748461528398
618781119217407354
8492534746133559542
174405237324574733
8936548509140006716
1195341523134196244
8009998842389139040
1163563677847186242
6020932297180864171
2031636402143738609
5434849370110480411
2104359983256181532
2596257878885587856
8633836279776012288
259223826825325013
8823284433991304691
404884139321347697
6884666622277971247
2741648563172926869
5997145882932081989
7942758320665330165
3278418045635457162
7242313880721642063
8744097774037036378
4956867673791513521
473841564009849050
1345899665689021827
4498192297675916640
5464193713910718996
3730460538910145589
6538332584506767025
2709005619094555977
2345956374755913347
7042729677464967489
901100883172487582
2307553392923931814
2814939240350969533
7840802108987451348
81517092857239059
3506479594326197963
3350220490158859578
2839270583813433026
3285294588477652988
1887109497899579993
345725736589133102
2981101698414309592
109086575166748434
2641001217698563386
4219649411984023563
5617513092880777503
8145234710560540699
293468103703274667
5784381502175383295
8238332247198869826
5272008822965913670
5157379675650116965
5239616143365184660
3150842578303646897
651637453724812296
154269617487245600
8437411663903790173
9072327948511820737
4874195944254205387
8371614832473467728
1587705425084107208
4832574938776565676
2597884070633623755
5514091954413809499
4506460587755282381
3423432459974190331
5609043793103891008
6497783192685162924
1331403684379313709
1896912974039994802
9119487130027995041
637662140163187137
7552189750987904369
7508030879827573335
8603105700674905889
3491274818939129154
3586156313179272257
1234280902244000561
7665619815025824209
3097804434786747079
6027659226117589901
790144155547183919
7220421353733740344
8047578648768520712
1090794146117741284
7753984918602119485
7020947713552105507
4519955714716010892
7306297375647113333
545488928833300911
6418237615714295857
6829671952006403713
6458338328174415393
628447881924307361
6529719892644667320
244206239632498556
499551067890330703
8466573131763306867
669293705989916944
7115550451080819545
6361314223306209399
701060430026635772
2158135907318105585
4483494735157002737
8386132446826424667
8398574331658808500
1766608193349399483
3220568361279513048
3917893444138054202
9158143411766723174
3204385524815540210
5060300993348737097
5822907597037322578
7213680247670402099
8516792684333538261
2594944385984745473
7290310236692931357
4031947051689624931
5480555318905308840
2644269958554933721
1306930785187052568
3828147212069630226
799367426462539685
7983561551297014535
7085845099940587649
6283595680228639890
2033269046692093701
1956726288204807552
5821997469034874211
8505742752782770933
1495787104978795295
4550800521609428126
6638629369831104329
8348956503302597649
898915671243016132
4225460293913002940
3917651511683830271
4431811572433403098
2733709715768200169
8705309629180739071
5450865521792353274
2036329922603078163
3951957387758429481
9070149607190258328
8752294295574816503
261083476749357068
5499668889206220207
4981769267136002072
2807073055322396300
8997799167749416106
2342629584904979163
3631145728827348111
1870704405606396999
1480123398875941692
8963462221127230208
1552054558976630475
9021227952681981829
1187964287827508188
495310277491029304
1500905539244934805
4311174967380800760
2864451544736742480
2471423399811037371
7892122470390586132
8551508946152010709
1104259962308616839
1323784296336908489
3498157074185101305
3252635403628872004
4329580805155891983
5422731713015228099
6320483146614318904
8419538435590254210
2164793818700931077
1660609092036406775
178233460587326013
1585993188934654158
4179030782746264280
5086389645742039118
1365244018824585807
4575415681789129443
6201602444428525930
2492666072728846266
316760924081892604
8760880759283722578
1962049429806399690
1173182072293068528
4669315370729073972
6168326660280400389
7477572027441596125
3677047351719793402
1942227928526438964
8012074314938952493
8610109866128736161
4238462582528325969
3942176926171869663
3135667247780932932
4134014316026438950
8485170759353436150
5661828018899180478
1486608367249439118
3934862175291522794
8135036837413867638
3836219417962849458
6139362144084471554
6971508337554916965
5581069074181210019
2807196822215385351
4375132267585274002
960058009562222517
9138022133788511202
6800371073839061516
556207143615033073
6980920154203873196
4648722609219419218
2691021060703147784
4329510497103673014
5404144437420428137
7820478820519663414
5616200453702593155
1414825801998154447
8585765482323569512
5198133709986024777
6776205571207657011
6086522812885233905
8009625370834147498
5332538482045453397
280433502508241406
1088215029262103565
1166898835151204785
713854577440342660
6374355811077036312
8246623268206968138
2254151753531528268
8085978548807743590
7551787824203967639
1745248657530923684
5548204261277849633
5016119498320784677
7925040099922508482
3372373323816824849
2758374662246829266
3363713456165800346
4737779940667368287
2698452217848037784
7552940269209352486
1175068320649897454
5783997211927374704
5571636062484592736
2063908885930378982
1328526297787824295
1474097318138637597
2946720606090320983
4831412146511872177
5756121732801555551
6816981934422259855
7088216973438450553
7702108485196920606
5384279899917681245
2599246620763835847
2603881956288347935
4084820326439404393
6368526003346262404
5070192223637383608
2689275246586116695
466035416500259335
6086438182625869436
3087038001918623163
5874831927419165613
1359952282452826979
8395149783619239759
246781942732674640
6399767930764267938
8319369364117386997
442303049484240871
5288538017424111551
8568446308836771453
1019516787888925232
1787698758116034077
6598658634163781853
5206104507120322685
7946799465744230596
7499376224306867696
3331945022108331649
7870370145228057051
7038218089216371414
4456654669398597870
1818293365764756415
5759650681577122884
3828132888583494350
8192313538775404719
4135419534951107485
1803725974117257612
4634235848095436223
4152666830030051784
5773671231500350011
2881675672894053322
5202945784841892584
4109468455915070146
5692726503341159105
3937829166019949295
2380410536274057141
530447792292950184
4920732011006850127
5151819975274000919
7778801281861725140
6102260903941021596
285719258844080303
2441181676165447211
4743944013109328490
1700553943048302733
8236809753379099316
6093700541679237512
8908197573796471853
5091367795317918841
3228275674866300318
8354866003176604756
5949584583022827282
4295433997433661680
1771613282502465272
2400510644236672624
9111212057895740060
5124648296480434493
998550524166228467
2975530000756131159
1784130165072611516
145794451188095671
2958379598687745132
7437469839694045431
5631643722561441725
8455906893804459740
8086477246286012721
8384919717238613162
806970827109989048
2076216438038692464
113254430724077082
4547936455060801290
6518603302548349563
7947192804473629077
6236539852345850723
6195923233152214585
6277660146199832364
5301858721215840925
5524837185492879167
6191588874349472366
5523003798837373943
5112305591120192713
2065558671707077833
7622932712718452685
1986054275636641589
8713582981397760037
134603081045221448
1624227058362427836
7625168488221171455
9002699824951278101
657058998106764436
5270013324461259160
6260665133086938726
3686349735452510532
9026673251429358102
7213711416399084808
4156730922516920309
5666852460055035744
1724525253827816812
1976094394407619095
6176423072313941884
6438685098010847479
2500818121973419040
2184938268893090792
7354352012672037080
6429825521862133517
6157001601679097066
7598637319761545478
21710940499337402
6361542845833532496
7519184957197565688
7351407666017331702
6002039576127298704
2147040297343609311
4538028984615112798
8487991924167203664
5682545754102257028
450941014675244827
5768774458893704956
4656115274682035236
5630992532586372347
6760248810272791781
2760637812769093359
2698514735868831958
7606162554490887728
7055868359098813551
1887707219486698898
3107329536683782400
7489399249961001816
5912479390323202860
4599775663341880751
3528113428803951786
1799489093246038436
429723531011738746
3671069205147611967
2783588004864947141
5092158715515864389
2463077054152598191
431063856612389476
9144102826720808424
7407780485400932326
7447963194300571286
5611693588810683574
399562494094274368
3932605432480146531
3709274597576671006
5743097277123854096
3586586593152897031
1002094089465025220
6085997672900064567
6576336065123976630
5067619578860609480
8581274162282412399
1476451772197439421
1484625829880919416
3874847842050147750
448042049399279962
2839117285559806794
266799492359643686
2432245047544355052
3722921800327220080
1544303236887524382
1156734439137395825
737155459057594958
3934864245968323572
6807921426732151138
3630681602577430261
8582334294817567364
1528261864523480044
8135283238580698360
3617664875262253293
1033131497298339149
6662921593971920006
1864808130756689494
2421767889533703119
4285241327432851738
6074544082455986188
8951894790764628038
1884558003034832097
2146268838515517199
4069971511817861865
3002317151436266974
4159843512445653525
8738797329761101322
4185668969182817346
6456250909689845751
4752225651192581563
1443451458146496439
3393767811558001645
3762773704855603368
5943118987930573854
2571082880742303979
2295334000869243442
6713374850892065678
8848152924779869421
4957642739605165500
5936524805527119033
5222431410023513372
6209292476942618727
9201531536689984120
3124812235525960445
6507452420929129549
8264429679160235069
5299912653357773221
8192910867332407462
1496719077625730849
5613714470942426568
2579486378644480392
3146611143197620904
4292364785621881605
3986647636866731519
3509569640845589189
1704354286421563234
4367392814125521454
1563533947326360764
7292483246513396440
1112239279730563404
4547348090380964393
2024991317771208380
1836370932317158177
6455490199517548985
4372986380556445453
4640365204610461052
2731049127701358845
8540391758431042314
1352429130286944795
6253714080211864646
3930858517315515289
7395747160917947386
7997964373928649402
238779305446675225
3090371789200874203
5692681060838224475
6458496437573094078
7107632340338066673
5901848620779581329
4725348072923521061
7097605403921901046
2286342574688261245
4493877941701853281
8421945214297114353
6685256885772852178
2363375769699597562
8309046126429556417
8271164376463472320
5679043389326036032
1894817026352982517
6359948424391328595
4624731491251882772
5019223185674841778
209865646297031973
1530953567739550896
8665036479604064221
6974136348730827863
6648039575033317936
2397111908463881683
7277900049361618863
5485449901413622414
8393355429824450805
5557273280410575800
7367312785314412568
5213846474288675114
21874749219512627
3914911961762456694
3726268587305788439
7080779076858977087
4766015887040178282
3525494590229119250
7193564733783485645
3542985593349649414
2403468030960448384
753956319935341451
7360567953078601
8863088875175729583
5367173066177812556
3569782872078179406
2882132898044070263
840575460071763351
4771963327039231856
938381084057995125
354617037061260096
6283683777149351933
152929753186747392
8877021217053215359
4729677374964897654
681556008825208586
3264595367916464077
5475514243259280582
7979662827856255402
7456485472325509232
2507137644095598329
792889326473435930
8335777536143062510
2098604265890406624
7625409733921445587
2197823803468989358
3825719558863231144
3659772884734243935
1224668352686842105
8312710865502501860
6156834980939868513
8367229240820752748
3409117198147077994
7721652906884795276
7163329732373833090
4450498302911671363
2981386118108722818
1052399760466419303
4744093431488434597
4474666713682939336
3104146281165690217
1860955007416490544
8961562849192797952
196776718795624660
2209744074332383805
6265602465392838043
6596648055235519246
150588871272774328
4389250418736624026
8382683988302398043
443880702671924729
8917472848589641063
2878883612871545100
485713103376902045
1343433888710944350
7854171132061323306
8414013962048162462
3271794063537757565
2111476744282742628
6367295660009197956
2949212154984600871
4344525413869144978
3638378335262495440
6995270825193975475
3543625837069250720
8909441003042617709
9120940185435895224
4000465369532264980
