4096680627843048024
4809199873603051832
2990001627642466168
2977647695708925451
4231218365150823354
6333207423196203657
8540143098039750117
9744235290042145
914646367604664033
564060269382110485
9126769091011482639
9169947687770604431
360630798575292310
5410213205483604636
573387956560107988
2535130139898466601
110653734732904533
2832160123582243139
1735122373186537133
3025555463609862007
9174325596310527640
4915756862112632631
1412833396483289967
548381541800317167
3758629160143792024
7824683221734598635
3321956072522312820
857672665707333638
7850552940024984939
7880776337685243105
6172159110832657010
1395324245153822567
2399845879228922488
4531741633411240140
1662812245957786392
8653358145248412932
1074269341484163173
5566646897242573457
6224011241303626332
6975424207255550570
6401289293379191347
6032273403848294734
7511301357494776454
4899125387374251428
8884229394180923552
8471541180730859090
922752682436955833
5999114739917235183
3953681241394563951
3244786933058315144
3566339333412567831
4160919459147950420
2915693837653647844
7165709365013810644
2216020608151167241
2139643093918219556
1416095822384942201
7963086389830830778
7670931965650031100
4487188203697698311
2917388230209017931
6713389235060566514
7278359262045397114
5799168568675907091
7207988037489382516
5489579114615274060
1945061180958245727
4880382687510162628
8069483622552178397
5684082340854305868
1567113762165575239
5034228892552136146
504159178897589209
8819487522721829018
8963158673046848675
3888774923691191928
6568457495472534720
342010669968078611
7874840420200806411
949456103303781315
7512117562136230688
474476886842328855
1860858369633032565
4859335921579716007
2766753190715072524
3223090624572954673
6525747079469706604
8463608469065076692
3492800060896825382
7742485967307514195
6113260832826426919
9110335596554162371
5915945930904714058
7845910849335571286
7128784303517806137
7558617984057411415
6046687471636677156
8369688164800480656
853981747414381579
1711867373062403154
2555263547324631264
7116289977184313589
2227612924853680131
1802847490095196730
2724197314810315677
4558588089284538422
4887513819353735828
16720116736621768
544573833028514519
267304814324312286
5478728788366450938
2665624106372185635
6921911491658922170
5748784587075001617
4623465772058930436
7670278777224842413
4566216234919262554
4781499388980051507
4092023487626110792
1358732716156571011
7335300825653942703
2931083439758852429
1814693262036297069
3365163860513613692
1916607870317754562
8815486311955238724
8963799765983191259
26125553597265893
6786459976436144081
8277819842949199109
8361565819222073664
9135319320558309752
8132502536969157806
9172732693131615264
2053511128526687922
759924120317945473
4260690689284537219
3172507977537097880
479164154811644041
687459749114848878
1538820195380578059
2064776694945951989
2116577441776956352
4721263406047810191
8431840867172875978
313917547192237650
72783259648358792
2531157637498029950
7371509364030429530
1170436918827975976
2031636402143738609
259223826825325013
203763097906136613
7242313880721642063
8744097774037036378
2345956374755913347
2307553392923931814
4452875060061342264
2641001217698563386
5272008822965913670
5609043793103891008
1896912974039994802
7665619815025824209
6727116443948005351
5248072931924359169
7665246457778913679
7220421353733740344
8047578648768520712
7753984918602119485
7306297375647113333
1125654549714778333
6432678797147641097
8438465264693894277
5830465118919044939
1459673235271276412
5990337417806996280
1934843901300056309
5822907597037322578
7213680247670402099
4003048373743566509
799367426462539685
6283595680228639890
1495787104978795295
6900192421644308077
4431811572433403098
2733709715768200169
5450865521792353274
5254796485709717037
5250032191889389296
3308590297973130839
4981769267136002072
2807073055322396300
1870704405606396999
876862940650192703
1104259962308616839
2164793818700931077
5503476541382049942
316760924081892604
554383404476646363
8610109866128736161
466346239176791131
5661828018899180478
8135036837413867638
6971508337554916965
2807196822215385351
2691021060703147784
9064605423761998715
1088215029262103565
2254151753531528268
5548204261277849633
5016119498320784677
4737779940667368287
2603881956288347935
5070192223637383608
709431223269461924
6086438182625869436
3142328796452057092
1787698758116034077
6598658634163781853
4668190674113290532
5206104507120322685
7946799465744230596
6857152475560413510
8192313538775404719
3399740110961815074
4135419534951107485
4634235848095436223
2881675672894053322
3937829166019949295
2380410536274057141
6102260903941021596
5091367795317918841
1396120139429078048
2958379598687745132
5631643722561441725
7436056620002042312
5315886874509733730
7625168488221171455
5270013324461259160
3223981194689283798
4547609903653268710
6176423072313941884
2500818121973419040
7354352012672037080
5768774458893704956
6096189877572311571
1951240041671238090
3446619088002665881
6974123635895594206
1799489093246038436
8556387154776766662
7407780485400932326
9123592647783547634
1002094089465025220
3634678226193682661
3722921800327220080
5997204994593266764
2421767889533703119
4285241327432851738
1302493735133765700
3002317151436266974
3440085765645381956
4172989024593819834
2295334000869243442
5222431410023513372
9201531536689984120
5299912653357773221
1704354286421563234
4372986380556445453
4090902948314258624
5692681060838224475
8309046126429556417
5679043389326036032
6083555568828696455
464266592348018485
2397111908463881683
6900529169027255366
2403468030960448384
1825023136791274380
780677090525403940
3264595367916464077
6708508444489945071
8335777536143062510
8367229240820752748
7163329732373833090
196776718795624660
6596648055235519246
8382683988302398043
2949212154984600871
3376178052778844367
2469114297780047343
4715441191242240217
9192355143000844613
5997519932181669356
8105662375017617211
531425083114221217
3446647244996673252
5372992284394848763
8187273689192105235
554334806728221113
536537937115175781
7471034924626860572
3879941284403442379
5358218970681833935
6549964974567595981
55440270062084215
682096396857580780
9084074348450077572
2575197075901412033
3300241787095801807
946741155528837462
2598473078081450412
5382032534935390937
7656134333971149927
386348763578804491
4386641355243824293
8285687873944718255
2392381546463601404
378352350633303836
7310283919760198248
4567837745354995759
1577950392808467140
4720408107717985069
6665046003838018585
8834197727820815429
7620978613740854506
6635780707383833900
5980812422310314691
872297545028072639
3749777594399942652
3553574405651212245
8543080565459426839
8045932009770514901
1386282343945741179
2378491784158596167
4689057928986472639
8486069053253493555
2763332761384242770
7133594130864086525
5924360230772374240
8088521599791089928
8521022495001800636
4274791908788003655
2202849375860450271
2214544359605350139
5877067928012195101
3072191151875752849
2872922597324796122
7544926682098695935
1588112153591420453
7619573107150987755
8896894642160198639
3228429215233508501
4094352077709889771
3679295011830217975
836173121485414079
78313045120320128
6863853135310195763
6403415152163331458
7219944419855828120
7351034854797333827
5919892515179019355
5930019082610484725
1759232783320055467
5953545537087095018
444442826281500636
2460269281205093623
378249151911286875
6392263907496030129
827745382266524775
8853360820391003320
3861627699411911153
2227255737073158046
3958248675177425753
8070047826829386938
6511349026458758423
2880832605051536722
3060711698212337418
8576857417152769928
8362081512751098405
660454809059147162
14749327556863751
4277679287458431459
6819732361965321846
7494960448686633988
5837105758192244827
92806402141328471
8993869120812048904
3666627784542232739
1368147915691237142
245472832079382599
987011340451609318
7055997320538975195
9186764755894608574
6665520294644202657
2047716922718275086
6963074553717024218
4501542828179242719
2512668544228946304
9018833880472177827
4246773877384960061
1243616247801146016
4211326724027869492
3366266962011294475
5566175566970534038
3791345362805473529
438227810881705738
3169959059665952817
5929945043848260131
3906598835423134788
2391395095868940880
552904345170322807
6846121109292616885
3891811098826520852
4509361959785199367
2206952692681920373
9095773529174041580
1499270897166606795
7593060442355922622
7366889988389049853
1838609973090302307
4381642976695112169
5409589181238609469
2034338794399009129
2665845334297956324
4011144836240218386
3564900284202318886
507849841001386905
2891070869627364856
3272412009681611893
7864087814886424636
8159248915522298113
4664440077216609112
1235202766181862150
4582874347104949534
2440766911345762439
3358630583654056097
8606912071321427288
5598426553904314563
5337982122351151167
3384930976571528840
2589116529985696671
5669614435089435526
1565316402071204673
8578899409364574609
1752735871048443479
982042949774051754
7668470219732482417
7552135075370459668
4171459748527869978
7075788017958510003
4329412695704979743
6172777409064557206
3960870549220616242
3357071446769632269
391667599841404356
6285353493478026148
3653411660198028748
2428027044922546837
513546030944602267
4425201031931998968
2260209176475817557
8605289413381012223
7690041609672662750
1139500212364178987
499583207725966644
3477692638926969667
5836722957887700196
1057570740395113196
5554294388793357024
8555706920888615235
3091442589207156937
6306327373416662803
4687167110935185940
3683102187492766521
8142185648825377518
8438888750189068600
1616495220209480625
2052835416382294503
8578570147707968519
2788423594008878578
5382420606045836351
8526775985858692701
3050630488746345899
5673529097991390335
1474469353478589191
3938786813174800879
2858990113674417035
8172931858612779758
4666979363245742924
4664596088048598641
1351902584742177357
2607998586091619240
7643475314724982979
1058877321180549384
4875063551729367951
4268382531758853809
1733960020281118297
6520692053952441221
1529821170838047215
4682253246952924742
906656429090271627
6108533630230166040
6468305704850857975
7047359287000197870
3737343456027230382
5550042280223224821
7319164049277998992
2418527270160012164
3686017793529843332
3262734031228530123
8180747207891828316
2129864505212281253
3032065401176751992
2011341092208821636
7619375760470381682
1422133155808357550
5155380993306335646
7694176959517378113
9216011331223057627
6926811278216299914
1884258271634885460
7826821529909326798
234658640276553187
1529706607377798345
4485839249093769488
6543211734442298140
5232844074932770928
4833854518968789221
3644388395282872098
5104464070358295803
5034586878076695748
700788758695623442
1673658192509164445
7176919367960187121
3822383149124194420
8708301935213096057
6706812584485467962
5327025362971613173
5228096708047901837
2372397462497535725
5374569814608988145
1911720484926808957
8197214178991917794
4171787494940500297
7067940345809459061
5293116988775587173
1653269326686804428
5386151998947226206
1030860657268109556
1791816842638566929
8828043237100094407
835900999246092163
6198845430113547941
7318705826291030889
2705427801535127240
3291667517141986225
4147988170690907477
1919912939455495911
6524240712734849462
3807663656381319888
7322976334804414884
4045698478677925576
4249371486279520585
4212592013206411502
723817413783270170
8840809003604797578
8853997696137634939
2555173166836747896
2366177415852647641
5116035385622177966
6039715727599025701
4998267241656672486
8859466744744383625
8502780161752716486
3112415051820724139
2157847358925368395
7858850473486025395
2060141479681849714
3974640604446331621
8354979978125347938
8468952238353993018
6669491208112847253
8384745390959869834
1383317802886506616
9099572385023665695
5066436198055359670
2913894401437149965
4626080288789021083
8273457460034091970
3461614076677564450
2199177450776482347
2386698644765722582
7647367020400757492
4331654726399405883
4034447726048379406
6715960271678646113
7088014553500919856
5716900814076951938
632415020039856724
6174170315005066705
392146770239299611
4328379146815859889
6573519882148235081
7823688062326045286
546788235967400986
1085100234029836652
3590147899740387332
675894705676332265
5693217494325297058
5422561984693902576
1671598409585316524
1705557628849305714
5434448297663933921
1419844928799559446
6931245803524770433
7296027722532821087
7145778830947279731
451093909053871589
6036295891562600667
8525592666350748107
3103815238154583734
6652734182070638684
8780503614393800236
4807542408254754720
3776851173436751692
7786635898889528271
