5259847702224307345
4096680627843048024
3095643477961005034
5764845953555875677
5952466200564791981
3240591479611376795
1333532054147255122
8834221052689968640
5035057302579570099
648366025103543147
8411140491045299658
7271087000714997937
3348822142993288439
1185866819236804900
2715680117317990830
1751820842839981750
212848056672826912
2032035948464065849
7423543658013811571
8097508426260820733
1556083295615987048
564060269382110485
9126769091011482639
6409428945065879455
5222694784642855652
4341613878938463654
1952516077342896474
2046805741023153542
1305500329052456499
4590090715952703700
7082719688680334903
5410213205483604636
2565764615093649640
5301952888728880271
6251168738056396791
1814901740864015426
1735122373186537133
2247383226719755211
5834095006157379554
4532659734674390956
6053668029788867309
9130642665325530052
9174325596310527640
2676642780346233446
1801968352574925008
1901877964360088522
2560524228207640904
79189666231686782
6079268747551307781
6039682351677052057
3758629160143792024
8968088706075144146
1844148080274227519
4342591443549519952
7824683221734598635
8601998516721627695
5356795925038978970
2280158738520920181
857672665707333638
538169197426621472
4662298036678806683
5723001036728812821
8102896639590164310
7264545216005408669
8425111993040106702
9164820234464131126
6848912820394864508
1442748157136066396
4531741633411240140
654243648802025543
3038487125273860750
2498045266933775407
6812429453382324888
7414579440818879121
3625994868684985499
2091243825127146242
5340565827252250326
5274315060282581636
1668161910227636676
6566575098254949797
5137467824820891859
5452449267791546143
3537798712742684777
2845095469275784462
5792492331318034961
1520247194683372162
7557792298423124525
3151788064346316435
3771451518440768171
6911879111582615056
4659689773869605131
7281993330967024013
7502840018077651166
7102220149549046663
7383493419433397455
994013429439415259
1591983079342681209
2125877567485308831
5975111675719964868
9180097357905564270
8732621981527507925
1456063311666515408
2307153524948302029
4504108682155464422
3566339333412567831
4040720563960373579
5445509875196920481
8966506071334592034
5155922553884222206
1915691572684362810
713000087240189646
5155528082041537406
3987076328663572333
6893427372561737595
1864776076180786475
7963086389830830778
3858622236170743687
7397312796927615990
3538042215549945962
6448585161364494910
6004039186130998571
8719781207604970393
9077322940382427386
1217016835993517985
6713389235060566514
4809593238166701233
7997932207682769792
3330056012312975561
1945061180958245727
3610517030981374877
5469436797823768921
318352858758183925
2878795082774454624
7044530095163581733
4043801089039314431
7690448252414138846
5684082340854305868
1567113762165575239
5034228892552136146
966247854177679357
4829683954201090991
959855428684777885
6093282752645685447
51277270730749079
495533571253600006
8800640261621706296
1957499642124125668
7269362634032885899
8116330563972491538
3427751132541257220
4618403433303830422
6315742006976129734
3888774923691191928
1189927825931317473
796300441861990756
1481980315108750195
7930148627804811162
342010669968078611
7217819311764064334
8740382471534298392
2851353548225026040
8540872386816224624
4342502294186159791
7564301284218282850
3056150289292304389
3795710879239310077
8769240906622004705
3064511997367278182
474476886842328855
3785875857668132230
3514010693334112089
1914073887150943400
2766753190715072524
9197122712835531515
3997649018908405103
41913117572382310
6384845986974302783
3223090624572954673
4117011584589109479
6525747079469706604
919687626548972007
419988472317444585
8463608469065076692
6179630015702900288
4196147331802723151
3910972128444106428
7742485967307514195
6105693182768031886
7210843752880530987
3645280714894717551
6506430701191955534
573355182303700879
2167389124110956307
7558617984057411415
5127521846785718698
8459078525804958105
4099937908935132912
2018408074771698626
4856505924642091547
6737231982286187935
4233842099050641783
2555263547324631264
6022945445367499238
2648836780490461420
8426925644842680639
6951809450388073524
1026219957935388210
2724197314810315677
4470655595550578767
3288605749612738512
583754296598862441
8060402484297926531
262395647509594398
3629642899253509415
4558588089284538422
1566077539290689685
740365387648715083
4887513819353735828
2917286802562388957
4010805296474516548
544573833028514519
5763762022264250564
267304814324312286
8258066600901146830
5478728788366450938
3824292961811080631
6972099867550956420
8090973800619851096
5640842792088595715
7038997806303396079
1629671252604261593
5039236920590311518
1048381894335508196
4369009562190755945
1795910663351568151
5524912075887043161
4417347853623061017
1375615877578652991
987109754297179696
3125391176340514333
5307327420143442009
5066346887846065410
9026633364710057958
8657261845142666497
4250904523269730957
3233190679341923073
5830934060797029133
6869367395387648410
545455526409651899
7335300825653942703
704511137720483081
2382570700580309154
1087990187737290194
2735699005064755091
8787400572406329544
751940041539642418
8963799765983191259
26125553597265893
6276238363912260903
7964065098200619239
4159711989296325610
7831670735663124412
8361565819222073664
1274670514556188455
422934074177456303
705902347663295154
7258833290831078930
4028450945449373390
7545124860621777840
3265192592310858965
2053511128526687922
2627111263365055964
7484916131750223841
2815477498915373115
7271550858548689425
5344202231677698174
4039175552274797140
3172507977537097880
4517138829539405564
479164154811644041
1858199157851647051
2318382929041753284
6135059936140258071
7587042983977140817
8629207088396608783
3491071253165937873
4202764031629995595
2648208133725370039
952998822468126192
7501847078544969463
8156385994532281433
529382523543938497
3887100424881940119
8431840867172875978
5850340244338620726
1274881255226965165
72783259648358792
6011127476358695521
2531157637498029950
8808945399252040195
4809098939226602455
4892395903846159708
3959369655236078085
8352052485404550488
8379317260146243939
8839647282844809017
5051285068303974902
7371509364030429530
7654640748461528398
1170436918827975976
1163563677847186242
6020932297180864171
2596257878885587856
8823284433991304691
2741648563172926869
7609666717324505392
4033800989569096204
1345899665689021827
7396411364795393378
2345956374755913347
2307553392923931814
2814939240350969533
4958165792745424050
4348952053365191892
4219649411984023563
293468103703274667
4487057801507610706
651637453724812296
6155706110068876251
5888777750162526998
1587705425084107208
4832574938776565676
1331403684379313709
1896912974039994802
2761634220428367990
637662140163187137
7508030879827573335
3950828434158873171
6027659226117589901
7665246457778913679
7220421353733740344
8310783912075779115
7753984918602119485
7020947713552105507
4519955714716010892
460613606926596933
6829671952006403713
6458338328174415393
2404411402692416247
1125654549714778333
6529719892644667320
244206239632498556
2250921000211055002
8576260841932493168
669293705989916944
5830465118919044939
6361314223306209399
5990337417806996280
2530875905948036164
2158135907318105585
1934843901300056309
8398574331658808500
207089613685175674
5060300993348737097
7213680247670402099
7290310236692931357
4003048373743566509
3828147212069630226
799367426462539685
7983561551297014535
2113979379763215294
2033269046692093701
4530929926776199575
1495787104978795295
5250032191889389296
1017406798137975398
8997799167749416106
1169200630906249181
145075050329991640
1831769316627584605
2471423399811037371
8551508946152010709
1104259962308616839
1517473751124101981
2164793818700931077
8157238868646962605
1962049429806399690
4669315370729073972
1060936325222302252
1942227928526438964
203638352472577218
4134014316026438950
8485170759353436150
5661828018899180478
1486608367249439118
8135036837413867638
3836219417962849458
6971508337554916965
5581069074181210019
4375132267585274002
7112625057867151019
2691021060703147784
6485113708773550341
6776205571207657011
1063857628643667273
7866435177789595169
7402428187836818242
8978220893959334990
3898411121460287955
8085978548807743590
5548204261277849633
7925040099922508482
5795658841941332707
2758374662246829266
3363713456165800346
5783997211927374704
5571636062484592736
1328526297787824295
6926739443067374268
6895905853166053963
4831412146511872177
7088216973438450553
5384279899917681245
6368526003346262404
2689275246586116695
466035416500259335
1359952282452826979
246781942732674640
127756227829116654
3142328796452057092
297351565833174329
7499376224306867696
7870370145228057051
7038218089216371414
1818293365764756415
5759650681577122884
3399740110961815074
4634235848095436223
4152666830030051784
5692726503341159105
3937829166019949295
2380410536274057141
5151819975274000919
7621905208591415183
4743944013109328490
8236809753379099316
4415705645891753399
1771613282502465272
1396120139429078048
1784130165072611516
145794451188095671
5631643722561441725
8455906893804459740
2076216438038692464
8191019262367459531
6195923233152214585
5524837185492879167
6191588874349472366
5112305591120192713
1986054275636641589
9002699824951278101
7497074265736105768
4156730922516920309
6438685098010847479
2184938268893090792
6157001601679097066
7351407666017331702
6002039576127298704
5682545754102257028
450941014675244827
1225551675043334149
7606162554490887728
3446619088002665881
4984999329450119452
5912479390323202860
431063856612389476
566364161842920106
6576336065123976630
1476451772197439421
3874847842050147750
448042049399279962
2839117285559806794
266799492359643686
2432245047544355052
3722921800327220080
5997204994593266764
1528261864523480044
5779720168577652748
1864808130756689494
8612795061876521236
1371568759627273449
4069971511817861865
3002317151436266974
1704047545725381344
1821669502787125830
4159843512445653525
4185668969182817346
3762773704855603368
2295334000869243442
5369656785752406592
6713374850892065678
8848152924779869421
9201531536689984120
1184941598206010261
3124812235525960445
6507452420929129549
2893104975439432214
8192910867332407462
1496719077625730849
5613714470942426568
3146611143197620904
3986647636866731519
1704354286421563234
4367392814125521454
7292483246513396440
4547348090380964393
7860745266074086474
3203197841359791786
8540391758431042314
2909602718407913161
1352429130286944795
4090902948314258624
6253714080211864646
7997964373928649402
238779305446675225
52672877969658706
6449808964725693965
4725348072923521061
7097605403921901046
4493877941701853281
4400695465126427837
8421945214297114353
8309046126429556417
5600363903233126300
6648039575033317936
2397111908463881683
5723478310632492392
7367312785314412568
5213846474288675114
21874749219512627
3914911961762456694
3726268587305788439
3525494590229119250
2403468030960448384
753956319935341451
1825023136791274380
4770628694196992667
2882132898044070263
354617037061260096
6283683777149351933
3264595367916464077
2197823803468989358
3659772884734243935
6156834980939868513
8927775188704184077
7163329732373833090
4450498302911671363
2981386118108722818
1052399760466419303
4744093431488434597
3054797810833893200
1860955007416490544
6832672654109208691
2209744074332383805
150588871272774328
4109573773793674160
8917472848589641063
2878883612871545100
5668481277428129922
1343433888710944350
8414013962048162462
6995270825193975475
6810426036455981819
