7772372249873171056
7038997806303396079
160019246181839980
9037054517129247710
5748784587075001617
8814505730006536183
1629671252604261593
7250561456325466596
5039236920590311518
494444076574461486
4152613091967344456
1048381894335508196
6068188850550165013
4369009562190755945
5272149036402358857
1795910663351568151
3172973055223574354
4623465772058930436
5524912075887043161
7670278777224842413
4417347853623061017
4414655041966138928
6711074722528954209
8016786011683078443
9077761875035605295
1375615877578652991
9104547787357105268
1079015369740940707
6114538785790797159
987109754297179696
7809816635933467108
3125391176340514333
5307327420143442009
4029419310311927195
1149509195079105356
5777862401959238027
4566216234919262554
5066346887846065410
9026633364710057958
8657261845142666497
4250904523269730957
4781499388980051507
1568900501300931346
8456203461760180092
3233190679341923073
5830934060797029133
3362023986062475331
2436035372813060359
6944063640505463649
6869367395387648410
4092023487626110792
1358732716156571011
545455526409651899
5214128948653972737
2111920652673673447
3043061516113917732
6208401351166247948
6474190836513068041
2188870222915652226
4003401526947517223
7335300825653942703
704511137720483081
2931083439758852429
53938104097461079
7411069349036216139
4520535312547128113
2382570700580309154
1814693262036297069
1087990187737290194
3365163860513613692
6200209841079508405
2735699005064755091
8787400572406329544
5648120585773651121
1916607870317754562
256738983546706202
8815486311955238724
571555626325662912
751940041539642418
8963799765983191259
26125553597265893
3909007495482060512
6276238363912260903
1152264300637466350
6562132867615330250
4966063489556433449
5263047829177947870
7964065098200619239
1918278313483309832
6786459976436144081
3252552956481686912
6695715906401741311
2636703473233168765
2301849763578109486
4175896308843366790
4159711989296325610
3522455197153253742
2076110560865688492
8496108795115814791
1187945073582656486