5259847702224307345
986526599303243796
7907429615184476702
4096680627843048024
3095643477961005034
4809199873603051832
6234408788696355680
5764845953555875677
1916690129779534651
3240591479611376795
4655151073851767293
6398864294938849825
7013904931329299276
2755826834728977117
1333532054147255122
8834221052689968640
2990001627642466168
5271895021172316373
9184401196831706303
3520152334074589584
7297975987043621075
5035057302579570099
3912772864417548974
2977647695708925451
7476148434709129727
2464380563040824523
145553048910587372
8411140491045299658
7271087000714997937
3348822142993288439
3889048271807527666
3903497771333152017
4231218365150823354
791366801318567506
5533254329990949277
1135519059930550667
2962544154845765499
4451640765190074195
3960907002382951965
8601854292324788426
212848056672826912
2032035948464065849
5962823701869074991
9744235290042145
7423543658013811571
5839937493441305124
914646367604664033
1556083295615987048
564060269382110485
1016795606277288218
7187021104018427812
358248252879208001
9169947687770604431
5222694784642855652
4169100327623110203
360630798575292310
1952516077342896474
5123179033751610544
131542456149600210
5122471516800429969
1735052586828916482
6329162550534297778
3258786843934278224
4904263903069803046
7082719688680334903
5410213205483604636
573387956560107988
255378901192086838
2535130139898466601
5301952888728880271
7945168573561854715
6251168738056396791
4253494231756267710
4450324459756485961
1100468321302387829
110653734732904533
1814901740864015426
6502178250486744187
1735122373186537133
8044595008961241580
2247383226719755211
3025555463609862007
5017160346061922424
4532659734674390956
6053668029788867309
9130642665325530052
4072387452364024509
9174325596310527640
1412833396483289967
3402521536867833449
8487109037341240826
1801968352574925008
2464208871648335491
797849824461427961
5519080072013655590
9123958974413483201
2578163810801091871
2180730608301691710
79189666231686782
6079268747551307781
548381541800317167
6039682351677052057
1100176932858458610
3758629160143792024
1844148080274227519
4342591443549519952
7787933130262024749
7665080189211150
637756475871096068
2280158738520920181
6688373538823726286
538169197426621472
7850552940024984939
4662298036678806683
5723001036728812821
8102896639590164310
7880776337685243105
8465666009328394485
8425111993040106702
6729796485866871848
9164820234464131126
480824887569584701
4161745813783630573
1395324245153822567
8428974539287297490
815759697860092253
2176120909743659527
2399845879228922488
7438697032367272640
7896846925588784046
8996739892633160284
654243648802025543
8361580298990770284
8560011186501214906
6207494479613897086
3087822711563941653
7169707694865304220
2137459797089386099
921824724402575938
349052525022474448
3038487125273860750
1662812245957786392
161755782206756835
7682736217859657665
3498047433366379454
2056896602832218049
5143776450674198890
5852506615673444720
6812429453382324888
361031774689369164
5566646897242573457
3120572478639691623
5877483254771667101
1972456528595845948
6224011241303626332
4647737811714742963
7414579440818879121
3625994868684985499
8215366926780900640
6975424207255550570
1668161910227636676
6401289293379191347
3088520231144817193
6566575098254949797
5871330163889635285
6224450559555813640
6379488318604295229
2651007183483849372
6450155283289558078
8081562863741721696
5137467824820891859
5452449267791546143
2116593112186348378
3728920014299999147
2845095469275784462
6032273403848294734
5792492331318034961
4571640528739610857
6225434844616608184
1520247194683372162
6445164008729712236
2079381718915912631
6160398965466237531
3151788064346316435
6911879111582615056
1791586382900621857
3725041649126904016
3887125333587523842
1817613394819551141
8625635541264204607
6259298626218775671
7511301357494776454
51186996638580036
6610336060484103941
4659689773869605131
3987967128437693874
8377691026983466850
7502840018077651166
7102220149549046663
7539700465289432149
3749861785935081358
1585175938292297261
1999010839093599052
1865944677193296368
994013429439415259
2700947898226522375
1591983079342681209
3611683864081517449
922752682436955833
6101466599842286622
6632824462861994357
1440608898232358770
2401931247984487144
758850534775843023
9180097357905564270
1017572006543485459
8732621981527507925
1456063311666515408
186816388509017801
2307153524948302029
3244786933058315144
4504108682155464422
7373214296096070307
6521566686862004608
1907761390154525614
6577842210412303846
3566339333412567831
4040720563960373579
4160919459147950420
2915693837653647844
7165709365013810644
2848184330599471157
8966506071334592034
4209258554934179706
2056465584696437146
1915691572684362810
2216020608151167241
1814869027026455257
6093792223896474624
7261574595991287654
5797778241033860714
4571029666976645379
2139643093918219556
3354635538837191589
1416095822384942201
3858622236170743687
7670931965650031100
8429811307294186475
435234577453827960
4235233487409876802
2917388230209017931
6883751065854910567
7397312796927615990
5392736445234766772
3538042215549945962
1678801861452066287
7318780260084280101
6448585161364494910
2478326776342385151
1217016835993517985
9000339569250836813
4191216171620068084
3292500843751002876
4809593238166701233
6530746241066798707
7278359262045397114
5799168568675907091
6968462924276828700
4619932790928181008
7207988037489382516
7096358835918474310
5489579114615274060
1945061180958245727
4539201999009949954
4880382687510162628
1579188564004406193
2817740002185094049
4114043883533544707
4759228892765130731
662801103403502689
6519693125186053469
8472307394498870027
7597705581582135185
1252383885449044502
8483792523838266570
2406377483495085069
9166529494736879097
7479212714675353558
1124125490107463373
2792746426636274818
9216977848695427688
8163868760872948219
1672094842859115420
4043801089039314431
7690448252414138846
886398045945765440
8915686785676052376
5458951730231991099
279258679377514118
8069483622552178397
43238782355014532
8514825915960114202
3787895230104156727
1567113762165575239
2646796062787915860
3122011180278404045
5034228892552136146
7630299828960827948
4829683954201090991
4974775936447056507
959855428684777885
2366798344556672553
5515271461492870148
6093282752645685447
3881464260078570511
51277270730749079
495533571253600006
8819487522721829018
1784349444776116410
6864611861096393339
2702062491069700039
4924205362157184871
8800640261621706296
7584515484945292827
8231875829335861615
8963158673046848675
1957499642124125668
541292780900399665
1182986944506227080
3119202473452463111
36810794923551964
5319203368530581702
8965232176127283058
3742544550844528345
4803513455839501673
6315742006976129734
3888774923691191928
4687756388634110293
8454098040226035291
796300441861990756
1481980315108750195
7930148627804811162
2856411645586955323
5000780624277203077
7217819311764064334
8683263816500591977
8740382471534298392
2851353548225026040
8540872386816224624
4342502294186159791
3995850894993852444
1684174355122862361
1330990397411555077
2003886861728782492
949456103303781315
3056150289292304389
2893206641238914772
6362299266116229181
7373577440550890828
2772400997632858710
3795710879239310077
8030020528202607983
7512117562136230688
7390422127556872981
98201442401225265
474476886842328855
4275207473288427484
657526165461715846
8060831135476523157
3514010693334112089
1860858369633032565
8438215999051889980
4859335921579716007
2766753190715072524
3500867154823494855
3997649018908405103
41913117572382310
356397696362031
4095895081890301649
102502058031231972
6384845986974302783
4909665101489592160
3223090624572954673
4117011584589109479
572100829987484873
5258072610236434231
1781466978222679918
419988472317444585
8463608469065076692
8385179630574462800
6179630015702900288
3492800060896825382
5948100398441864141
3302321429182016542
730158663084910462
3708468442432129752
3392770013998095514
3910972128444106428
2249382008773133413
6113260832826426919
9110335596554162371
6105693182768031886
7210843752880530987
7538824420865331020
7426503230364220825
8653578885781404296
573355182303700879
3320119727814118335
1387642530935863284
2665429766960905903
7136769150472970529
5915945930904714058
7845910849335571286
7202743284588188057
6966918198032055997
2537671395706739178
1222094920745570239
7128784303517806137
7558617984057411415
2156810983320094625
1706793472614513231
5127521846785718698
8459078525804958105
8397200996176952224
6046687471636677156
4856505924642091547
8369688164800480656
676387672105628175
6301754037827693718
7677430936123983762
6690061574245216375
7739520501689233354
579376709286700252
853981747414381579
4233842099050641783
5564508630029611157
1711867373062403154
2555263547324631264
7116289977184313589
6342231508299195937
8055499658559100630
7143873900873419783
2648836780490461420
2227612924853680131
3656431091074007746
2027854920692604493
3537021041856407137
8426925644842680639
8207698537473816864
6951809450388073524
1802847490095196730
2969881499058731128
1026219957935388210
2724197314810315677
8162692324270089840
4470655595550578767
1391704934494747764
583754296598862441
4233459312763661752
9197399236406758746
950647060239591388
1753771535796933493
4129974383619732317
775922733029731704
5840746878206051047
8060402484297926531
7939662723884535650
2960565729764286184
4558588089284538422
3066471948282993496
1566077539290689685
570359123948342810
740365387648715083
2021781331125922616
4887513819353735828
3511378379733904075
2917286802562388957
4749268751694441257
2243686406351777480
544573833028514519
6978413372006968783
3109485803093735796
7842568885503030846
267304814324312286
8258066600901146830
5572045062174629727
5610065897440962656
7565699865238719347
4293035578820263155
3824292961811080631
7193249371088016397
2665624106372185635
8157159214862159373
440934642670599879
745592172596374496
2769897705567581346
6972099867550956420
1054294219582823276
6444005579396018990
6921911491658922170
3111629543370997896
8090973800619851096
7772372249873171056
160019246181839980
8814505730006536183
5039236920590311518
494444076574461486
4152613091967344456
1048381894335508196
6068188850550165013
4369009562190755945
1795910663351568151
3172973055223574354
4417347853623061017
6711074722528954209
9077761875035605295
1375615877578652991
1079015369740940707
987109754297179696
3125391176340514333
1149509195079105356
5777862401959238027
4566216234919262554
5066346887846065410
9026633364710057958
8657261845142666497
4781499388980051507
3233190679341923073
2436035372813060359
6944063640505463649
6869367395387648410
1358732716156571011
545455526409651899
2111920652673673447
2188870222915652226
4003401526947517223
7335300825653942703
704511137720483081
2931083439758852429
7411069349036216139
2382570700580309154
3365163860513613692
6200209841079508405
8787400572406329544
8815486311955238724
571555626325662912
751940041539642418
8963799765983191259
3909007495482060512
6276238363912260903
1152264300637466350
4966063489556433449
7964065098200619239
1918278313483309832
3252552956481686912
6695715906401741311
2636703473233168765
2076110560865688492
8496108795115814791
8708093360014207260
8361565819222073664
658578236649242768
422934074177456303
705902347663295154
9135319320558309752
4899972786115624007
9210832168752783925
8132502536969157806
9172732693131615264
5226967864408367542
6937615523651201791
4028450945449373390
5397838398505723427
844976844649141329
3265192592310858965
5685235736594126030
8068792072010885516
1890854909610031456
7494583689478439916
484986786823790908
7580224207061209577
5449588332760335922
2627111263365055964
2815477498915373115
5332173534424447198
1521087783768135010
7271550858548689425
759924120317945473
6961311072870994689
5821290780351249284
3130332847987277460
8549360364217348519
4260690689284537219
4039175552274797140
6171715710010022437
3057519409348427248
7976406089775769480
3172507977537097880
479164154811644041
1858199157851647051
2598039032797008278
7934821185157099816
8054087853579315468
2318382929041753284
4999672504596049135
6135059936140258071
560623354497579650
6479256115692722220
5363766638095692655
1080293311514925987
7587042983977140817
6508256669077804918
8629207088396608783
1828999733873902095
3491071253165937873
195203981287689528
4202764031629995595
8076543722074582017
4092141083557247425
687459749114848878
8197551601363602087
6405231559125832118
2648208133725370039
7778188327440464730
952998822468126192
6136551605099407222
7501847078544969463
1538820195380578059
3264373127432272769
6705645238208727442
7983950921480185708
5655550320931331019
2064776694945951989
7683909774917255867
2116577441776956352
5605996008689181389
2025519548772432606
184870454329738303
5160802879241381134
2450088319744356576
2651097793264597406
529382523543938497
2578955314333616233
3887100424881940119
3852471042821105229
6619721919819910055
4451282460767321659
5850340244338620726
1274881255226965165
313917547192237650
72783259648358792
6011127476358695521
44082470795294420
148511740963958282
2531157637498029950
8808945399252040195
4809098939226602455
3959369655236078085
775414498850314439
1896977556416399746
673908879684205576
2201650830308509474
1816743567642009289
6313426998288030611
3296947950135632955
8352052485404550488
8379317260146243939
2418140353206552752
627574289255546376
4500018804245179406
6331645977634203828
9056999521981593924
1057686985410074433
8424205424886053827
5051285068303974902
7371509364030429530
5158875542621461079
2091784525683311169
1552175314545107643
5345164845722033378
5308864246873768307
2270355298735820588
8504514387710919721
7654640748461528398
618781119217407354
8492534746133559542
174405237324574733
8936548509140006716
1195341523134196244
8009998842389139040
1163563677847186242
6020932297180864171
2031636402143738609
5434849370110480411
2104359983256181532
2596257878885587856
8633836279776012288
259223826825325013
8823284433991304691
404884139321347697
6884666622277971247
2741648563172926869
5997145882932081989
7609666717324505392
7942758320665330165
3278418045635457162
7242313880721642063
5763799139385574247
4956867673791513521
1345899665689021827
4498192297675916640
5464193713910718996
3730460538910145589
6538332584506767025
2709005619094555977
2345956374755913347
901100883172487582
2307553392923931814
2814939240350969533
81517092857239059
3506479594326197963
824546350923534717
3350220490158859578
2839270583813433026
3285294588477652988
1887109497899579993
345725736589133102
2981101698414309592
109086575166748434
2641001217698563386
5617513092880777503
8145234710560540699
293468103703274667
5784381502175383295
8238332247198869826
5272008822965913670
5157379675650116965
5239616143365184660
3150842578303646897
651637453724812296
154269617487245600
8437411663903790173
9072327948511820737
4874195944254205387
8371614832473467728
5888777750162526998
1587705425084107208
4832574938776565676
2597884070633623755
5514091954413809499
4506460587755282381
3423432459974190331
5609043793103891008
6497783192685162924
1331403684379313709
1896912974039994802
9119487130027995041
637662140163187137
7552189750987904369
7508030879827573335
8603105700674905889
3491274818939129154
3586156313179272257
1234280902244000561
7665619815025824209
3097804434786747079
6027659226117589901
5248072931924359169
790144155547183919
7220421353733740344
8047578648768520712
4863041243770974025
1090794146117741284
7753984918602119485
9050339198633551343
5647767539176595797
7020947713552105507
4519955714716010892
7306297375647113333
545488928833300911
6829671952006403713
6458338328174415393
628447881924307361
6529719892644667320
244206239632498556
499551067890330703
8466573131763306867
669293705989916944
1459673235271276412
7115550451080819545
2440998613166336450
6361314223306209399
701060430026635772
2158135907318105585
4483494735157002737
8386132446826424667
8398574331658808500
1766608193349399483
3220568361279513048
3917893444138054202
9158143411766723174
3204385524815540210
5060300993348737097
5822907597037322578
7213680247670402099
8516792684333538261
2594944385984745473
7290310236692931357
4031947051689624931
5480555318905308840
2644269958554933721
1306930785187052568
3828147212069630226
799367426462539685
7983561551297014535
7085845099940587649
6283595680228639890
2033269046692093701
1956726288204807552
5821997469034874211
8505742752782770933
1495787104978795295
4550800521609428126
6638629369831104329
7817178761547947095
8348956503302597649
898915671243016132
4225460293913002940
3917651511683830271
4431811572433403098
2733709715768200169
8705309629180739071
5450865521792353274
2036329922603078163
3951957387758429481
9070149607190258328
8752294295574816503
261083476749357068
5499668889206220207
4981769267136002072
2807073055322396300
8997799167749416106
2342629584904979163
3631145728827348111
1870704405606396999
1480123398875941692
8963462221127230208
145075050329991640
9021227952681981829
1187964287827508188
495310277491029304
1500905539244934805
4311174967380800760
2864451544736742480
2471423399811037371
7892122470390586132
8551508946152010709
1104259962308616839
1323784296336908489
3498157074185101305
3252635403628872004
4329580805155891983
5422731713015228099
6320483146614318904
8419538435590254210
2164793818700931077
1660609092036406775
178233460587326013
1585993188934654158
4179030782746264280
5086389645742039118
1365244018824585807
4575415681789129443
6201602444428525930
6347744714533913755
2492666072728846266
8157238868646962605
316760924081892604
8760880759283722578
1962049429806399690
1173182072293068528
4669315370729073972
6168326660280400389
7477572027441596125
3677047351719793402
8012074314938952493
8610109866128736161
4238462582528325969
2525856582542128301
3942176926171869663
3135667247780932932
4134014316026438950
8485170759353436150
5661828018899180478
1486608367249439118
3934862175291522794
8135036837413867638
6139362144084471554
6971508337554916965
5581069074181210019
2807196822215385351
4375132267585274002
960058009562222517
9138022133788511202
6800371073839061516
6980920154203873196
4648722609219419218
2691021060703147784
4329510497103673014
5404144437420428137
7820478820519663414
5616200453702593155
1414825801998154447
8585765482323569512
5198133709986024777
6776205571207657011
6086522812885233905
8009625370834147498
5332538482045453397
280433502508241406
1088215029262103565
1166898835151204785
713854577440342660
6374355811077036312
8246623268206968138
2254151753531528268
8085978548807743590
7551787824203967639
1745248657530923684
5548204261277849633
5016119498320784677
7925040099922508482
3372373323816824849
2758374662246829266
3363713456165800346
4737779940667368287
2698452217848037784
7552940269209352486
1175068320649897454
5783997211927374704
5571636062484592736
2063908885930378982
1328526297787824295
1474097318138637597
2946720606090320983
4831412146511872177
5756121732801555551
7088216973438450553
7702108485196920606
5384279899917681245
2599246620763835847
2603881956288347935
4084820326439404393
6368526003346262404
5070192223637383608
2689275246586116695
466035416500259335
3087038001918623163
5874831927419165613
1359952282452826979
8395149783619239759
246781942732674640
6399767930764267938
8319369364117386997
442303049484240871
5288538017424111551
8568446308836771453
1019516787888925232
1787698758116034077
6598658634163781853
5206104507120322685
7946799465744230596
7499376224306867696
3331945022108331649
7870370145228057051
7038218089216371414
1818293365764756415
5759650681577122884
3828132888583494350
8192313538775404719
4135419534951107485
1803725974117257612
4634235848095436223
4152666830030051784
5773671231500350011
2881675672894053322
3295208820533079823
5202945784841892584
4109468455915070146
3937829166019949295
2380410536274057141
530447792292950184
4920732011006850127
5151819975274000919
5225262135752612456
6102260903941021596
285719258844080303
2441181676165447211
4743944013109328490
1700553943048302733
8236809753379099316
6093700541679237512
8908197573796471853
5091367795317918841
3228275674866300318
8354866003176604756
4295433997433661680
1771613282502465272
2400510644236672624
9111212057895740060
5124648296480434493
998550524166228467
2975530000756131159
1784130165072611516
145794451188095671
2958379598687745132
7437469839694045431
5631643722561441725
8455906893804459740
8086477246286012721
8384919717238613162
806970827109989048
2076216438038692464
113254430724077082
4547936455060801290
7947192804473629077
6195923233152214585
5100298298904484135
6277660146199832364
5301858721215840925
5524837185492879167
5112305591120192713
2065558671707077833
7622932712718452685
1986054275636641589
8713582981397760037
134603081045221448
1624227058362427836
7625168488221171455
657058998106764436
5270013324461259160
6260665133086938726
3686349735452510532
9026673251429358102
7213711416399084808
4156730922516920309
5666852460055035744
1724525253827816812
1976094394407619095
6176423072313941884
6438685098010847479
2500818121973419040
2184938268893090792
7354352012672037080
6429825521862133517
6157001601679097066
7598637319761545478
21710940499337402
6361542845833532496
7519184957197565688
7351407666017331702
6002039576127298704
2147040297343609311
4538028984615112798
8487991924167203664
5682545754102257028
5768774458893704956
4656115274682035236
5630992532586372347
6760248810272791781
2760637812769093359
2698514735868831958
1951240041671238090
7606162554490887728
7055868359098813551
1887707219486698898
3107329536683782400
7489399249961001816
5912479390323202860
4599775663341880751
3528113428803951786
1799489093246038436
7252748788709194330
429723531011738746
3671069205147611967
2783588004864947141
5092158715515864389
2463077054152598191
431063856612389476
9144102826720808424
7407780485400932326
7447963194300571286
5611693588810683574
399562494094274368
3932605432480146531
5743097277123854096
3586586593152897031
1002094089465025220
6576336065123976630
5067619578860609480
8581274162282412399
1484625829880919416
3874847842050147750
448042049399279962
2839117285559806794
266799492359643686
2432245047544355052
3722921800327220080
1544303236887524382
1156734439137395825
5759036333399920234
6807921426732151138
3630681602577430261
8582334294817567364
5779720168577652748
8135283238580698360
3617664875262253293
1033131497298339149
6662921593971920006
1864808130756689494
2421767889533703119
4285241327432851738
6074544082455986188
8951894790764628038
1884558003034832097
2146268838515517199
4069971511817861865
3002317151436266974
4159843512445653525
8738797329761101322
6456250909689845751
4752225651192581563
1443451458146496439
3393767811558001645
3762773704855603368
5943118987930573854
2571082880742303979
2295334000869243442
6713374850892065678
8848152924779869421
4957642739605165500
5936524805527119033
5222431410023513372
6209292476942618727
9201531536689984120
3124812235525960445
6507452420929129549
8264429679160235069
5299912653357773221
8192910867332407462
1496719077625730849
5613714470942426568
2579486378644480392
4292364785621881605
3986647636866731519
3509569640845589189
1704354286421563234
4367392814125521454
1563533947326360764
7292483246513396440
1112239279730563404
4547348090380964393
2024991317771208380
1836370932317158177
6455490199517548985
4372986380556445453
4640365204610461052
2731049127701358845
8540391758431042314
1352429130286944795
6253714080211864646
3930858517315515289
238779305446675225
3090371789200874203
5692681060838224475
6458496437573094078
7107632340338066673
5901848620779581329
4725348072923521061
2286342574688261245
4493877941701853281
8421945214297114353
6685256885772852178
2363375769699597562
8309046126429556417
8271164376463472320
5679043389326036032
1894817026352982517
6359948424391328595
5019223185674841778
8900918436375900804
209865646297031973
1530953567739550896
8665036479604064221
6974136348730827863
6648039575033317936
2397111908463881683
7277900049361618863
5485449901413622414
8393355429824450805
5557273280410575800
7367312785314412568
5213846474288675114
3726268587305788439
7080779076858977087
4766015887040178282
9054876128971882651
3525494590229119250
7193564733783485645
3542985593349649414
2403468030960448384
753956319935341451
7360567953078601
8863088875175729583
5367173066177812556
3569782872078179406
2882132898044070263
840575460071763351
4771963327039231856
938381084057995125
354617037061260096
6283683777149351933
152929753186747392
8877021217053215359
4729677374964897654
681556008825208586
3264595367916464077
5475514243259280582
7979662827856255402
7456485472325509232
2507137644095598329
792889326473435930
8335777536143062510
2098604265890406624
7625409733921445587
3825719558863231144
3659772884734243935
1224668352686842105
8312710865502501860
6156834980939868513
8367229240820752748
3409117198147077994
7721652906884795276
7163329732373833090
4450498302911671363
2981386118108722818
1052399760466419303
4744093431488434597
4474666713682939336
8961562849192797952
196776718795624660
2209744074332383805
6265602465392838043
6596648055235519246
4389250418736624026
8382683988302398043
443880702671924729
8917472848589641063
485713103376902045
1343433888710944350
7854171132061323306
8414013962048162462
3271794063537757565
2111476744282742628
6367295660009197956
2949212154984600871
4344525413869144978
74453513858117072
3638378335262495440
6995270825193975475
3543625837069250720
9120940185435895224
4000465369532264980
3020651354771031724
3376178052778844367
109484690890553723
2043599279687442954
5324351544838951310
4715441191242240217
2732606636724419715
2678481795585934373
8994002616510275151
6171595394615028544
6575300581943066482
9016146187055029116
8545360687268521792
7951527940398309115
5606926337500983523
2619901111316063107
889216767407616283
2445946661129521548
9167027765709542715
5997519932181669356
2042673520555870972
2585070860389378541
3952397741194841518
8964402490194715697
3060145389916975904
219343312121442985
9082372140133976696
167696059182783545
6355141360465754421
8105662375017617211
4958437545124986321
5290238498535753261
5979634811178771492
7006172209783278550
114711022550295584
3842370068942749367
1088035819587346548
841853982439325758
5966520726222489841
7101084636998096595
5686409804592037278
3949738829400508940
73356190268714462
5095951213610455502
3446647244996673252
4097028313724033209
5372992284394848763
5349037913522882695
1404061537831225077
1874253263688080556
3874651850998455484
1784808084014977424
554334806728221113
9070421583953670979
3879941284403442379
1404449013328787821
8592957114819071017
4123051176760148029
8583800650571140317
6549964974567595981
55440270062084215
5214076482059318216
8734010871899927580
682096396857580780
5633110823625804688
8110571618078842751
833971104929460413
8048935354125373195
4597435116914139089
3167179724479793134
6400963514286833064
6531783922160685593
8543204242321715863
7917337234425409262
7299067336983913524
8250014955161568918
946741155528837462
1011130234436301559
3119245965298405505
8382432492526268242
1194938655785450972
2833712548016000111
6777337640324024255
2598473078081450412
4467166570478372423
5389456177026880502
5382032534935390937
3211354563949816672
4753720164996261552
1455833239434829484
123095730365511087
97712326008138843
1943624190643887972
386348763578804491
978399676439252414
1231630280332781816
4386641355243824293
849251390166151188
5901972390663442271
8285687873944718255
6494272155438779355
4973103310129345361
8910842043650698150
8504002889363436136
3097596502785418738
8399440270133843433
2061301811285048241
4358238804507896415
2687524884494477194
7191887387431546768
4404571664128968800
1315792145395074168
381961031614646212
6877348888344538768
2125467379513377479
378352350633303836
5955317286154835705
5092650581628524082
169517866980986347
7487047969996291019
3663777160120440516
4348562559548115675
7674115388089954031
2547258266129240682
582235283357594877
2263537849235556308
972576311650455528
531352937123845472
2428240190273127991
7291472444451563509
6463817618049905142
343124326837668796
1577950392808467140
610264892131649909
4271580978625953366
2234310971572836379
3826211185028368253
439077775440916993
8659679270948626487
4903275824443252585
3333206756076059731
7302991410018742411
2521033603970371461
6249420954546197090
985560365056101937
456078269624863203
8968068753847080619
4720408107717985069
6265564176021921984
2384610085140008289
6665046003838018585
7620978613740854506
5294331090596333954
7196078232631094344
851229392755366835
8380200168820781358
7215845622477258179
5763261940497472109
4156243975052744181
1342291183894069466
6504950965974136907
3996624181610713494
5980812422310314691
324750915971372863
3737454530415052029
1583677125618084178
558260022078615746
3076606146425298887
8662012791769702948
3572390233637978655
3840367276941799622
872297545028072639
3749777594399942652
4985751361068922513
7234258849215067200
6916410938242817260
2496618343427056484
4466838741019426802
1950805327457398686
8463290596161436882
5094509502909759525
837061321720300542
8045932009770514901
7374489819580751204
204987619510376708
2378491784158596167
6101165862727668660
226047413612922836
4689057928986472639
5389475123555736306
2820934897248354007
2608512827848033398
3291158795591114446
3249730119346661487
6374260769207209304
1297156365263474221
672279706526777038
4909686683705364882
3323193818990109523
1462560673964266550
8191708684651367700
4773354343989015775
6865869487052389051
7604454679268950181
5303403965596479664
2476445794325007259
4184162167530236957
9166072946353982761
2091570377550675016
5081448077728094243
5103436970979316326
7078999737682502219
294780346831807829
8088521599791089928
8612185066526094311
4600415316262682113
8521022495001800636
2443447053574975782
2300619707005554904
7630895689887659832
3745011775293320031
8043691937586633591
5185163925298509414
5922500881074873672
4103116391130002120
5702138993205815742
3689688387022647267
1381188646039299574
2546704063697575442
209846158035418581
4490430618829751079
4025757020453011573
2202849375860450271
112079982682315064
452533009925908540
1791931626516789355
7462845556427987125
4592480883445487781
6969795249311246812
2214544359605350139
3900800557260692542
6604770627006835674
5332120498786721230
8121280180990215785
1639149161769907925
8811544880396085523
6418334818451490638
5877067928012195101
1670724510874563028
3072191151875752849
2164366750501505947
8779222401003061229
5438117936874929698
1110934299646734530
7818185145592206916
7048600887387417666
7894301050678447722
6584038306811888940
8566365298243612042
9127973684211355863
1850208027036580615
113328543086499026
8390432720838899552
1588112153591420453
6286119340494362879
5919030339732662509
4656949844637252303
2487655824584776581
6109584496604834081
2166659618839948234
7287031061185908786
749691199073277114
7619573107150987755
7436209342303086330
1859511894560706250
8896894642160198639
5456403957678998700
3228429215233508501
7173500974103625306
1052104750737827554
7387460700638631701
5974554425790409796
2061760561583861811
2962597714654823083
1671047427701576535
4094352077709889771
1299683713443036624
6820434895744889110
4161280031403971184
6364376108045601538
9069029501457444340
3679295011830217975
652029084348870230
836173121485414079
2270337302843342943
78313045120320128
4124682932046030385
2999891155845315301
5547415707906290861
5044558732944963731
4420510339063909827
6863853135310195763
6403415152163331458
5706146091581615661
3911886913623976808
3275193007697825944
2879822989687226160
8230744491088492846
6113009434921145227
3851873030160455311
5369446914772972921
62988655600865872
7219944419855828120
165780334202871098
441268746615336086
7351034854797333827
3551928096840799657
2047157026271029281
958434740775073144
9068940358102779600
326460733373750288
6043824167126300037
7958386275466095158
8391586276977866594
5930019082610484725
380053516099479898
1346629206733332133
5916120797155803942
5475845470728586670
8257908801570909960
5953545537087095018
8703987263442122179
2818346023350407990
8820259419763337340
8901909114368051095
525897115390366186
4573069168363952843
444442826281500636
8116473389911667656
1473095996003999232
8278305135295650808
2460269281205093623
539602628312107329
2594212320916771009
6392263907496030129
9015535162172935251
8853360820391003320
3861627699411911153
3411656801939789456
2227255737073158046
8812981604618362355
7055056367831748053
7105003766503052944
6511349026458758423
6852511333272548444
1031059289285585119
542294988204341367
385407808422579277
4590986701184174068
1079436673506263480
3060711698212337418
6685663043723087080
8576857417152769928
7164395513295411790
4650164525365950522
6665003188570635430
1786060527807942050
7372905786759327312
8792518246802325143
3736059361157012514
704817991469530518
7789091898597763963
6774326388547342201
5863428259140987899
3702944639396870860
5507091912096423036
3707995040126018817
8296353596392798012
3433561366038190931
2759707407355487607
1805767949398169777
4454569895758895391
1811483143397342456
660454809059147162
8338977513579019576
14749327556863751
8341784225915848464
5947005250453823081
4818502888218401964
3027055325607350151
1286622835036374805
1900582620335202122
4728666603631992199
4521150314663936329
1095030871166914616
7534429406391199199
2812194441812990443
8545036889503303410
4769412992324453509
7494960448686633988
6377956702411433243
5837105758192244827
92806402141328471
4809051214962876662
5649018529238068725
2181620489892535495
8737875143416985331
5262468541562021673
1220755293418691534
7484316326491159169
8444968320518047923
3038624199054391354
6899098968681106126
7649297734781507990
8316814840684065094
3054648939078757906
6814245235937931302
3666627784542232739
1368147915691237142
5721593036140674432
7962458445842847856
887569064979277639
5971647176750000784
7981344685622830951
588312128487105507
7055997320538975195
8048250762364119072
6665520294644202657
1140070495827742221
7337837162533194848
5912612190595982040
3519393573933644959
6963074553717024218
6318064245609848661
1984616972556075890
5156121474559806634
4501542828179242719
2512668544228946304
5095096262873627000
5239442072432195865
5508324494506242004
7837975397850739734
5643628397294681007
9018833880472177827
2749585059149521731
2971203673528820315
3149092466991182749
7567108593243565683
241314679303292332
2103105602908893002
4246773877384960061
7471773076462095129
4524406682488967312
5744232085101578908
1243616247801146016
4194873462744873601
2777303136872684376
458409936258748677
8637077953857142191
5321049889384088153
3366266962011294475
5768253046099423613
6462691762199963515
6488630896677535568
8998907980156756764
7878222188482404830
3371816584531119981
657433134992248967
2850008972381903404
3591233617148612916
2637805960835601918
5566175566970534038
4019333560832064382
178975357217445504
2972112488842896783
7282804879710801581
7396982493214864967
1950176863736558671
3528992348567814482
7729668727604016562
6450632172350894888
5302893587177165079
7408738485448146959
448827516291805423
7691496468841238938
4788624052533615788
290449925174790410
1228667990187937194
843381257542833868
6009538901463663595
3791345362805473529
6616649965053826888
9116017106060462797
2192237561985996419
438227810881705738
4290811067547821932
8300044630125575503
8043144984750461652
6514894675577484672
3906598835423134788
381810478045072823
8553507901606634299
8596240751652337793
6813495124996152760
1448253795243656790
552904345170322807
5862963643005351366
6846121109292616885
3891811098826520852
4509361959785199367
8015028132963353747
4449325787593123333
7951512296053151554
9095773529174041580
1499270897166606795
3088496585640375586
7366889988389049853
1838609973090302307
4381642976695112169
3548886506790754121
1887851725529793302
4755367759917014370
7954695643968360240
5409589181238609469
4046821170257895248
6885749977359758157
3278762110145838251
8391642285997619586
6235720388933234303
7118783667122873600
3943351676296428607
3564900284202318886
4822840387068457567
5706222314714863775
7464885142367121295
5070322593149660391
7945268522109982968
9212386422718793955
2891070869627364856
3272412009681611893
3710646189411415356
171145336775221306
6328898119291704716
5809392709976729684
8159248915522298113
6005299203194594874
1954676158782651216
2398307795703668864
147715732665520012
4664440077216609112
321201290165699439
8408142360834722461
5488300094096160988
4826340489504162358
3800466385223212545
3914980393731713082
8415314702808079289
8188431856354665177
1235202766181862150
9086586565542417807
5610599525133336640
2926841515758417410
1992919297130377628
260210717307329767
6079650090453737839
7614778446400974360
7821152440353254741
648771154848616642
2440766911345762439
3217064890784341797
5398137712320031090
3358630583654056097
1417852037746105326
8606912071321427288
5812029096504279626
777082255904524053
3270502638566562854
2000217087319634278
5903749909046881684
832153433833722837
6580380129292458352
1178881091462181929
7499941780346660054
1393181362254216850
6796346864207222385
4515891683383803370
5353137201403982304
5598426553904314563
8236849106894077749
4770872901821214208
5320450045063663811
5337982122351151167
4479289251237770903
1470115382011384240
6511597091849185745
2589116529985696671
1555912028503555952
5290385443900728304
1565316402071204673
5684442134349997874
8578899409364574609
715772453064411413
1361363261180089080
8959035849130701671
1752735871048443479
8180192419076360305
1350403811873058465
6871513819784855220
2145559706655947838
7668470219732482417
6497685874073456876
5634038872493203073
4040910219449780738
4171459748527869978
3753245649646150608
9021998461928546949
7075788017958510003
2498740324845683653
1880748618670494160
6283617841422801918
3096378296131628542
5856585855803060363
6316395921612840338
4329412695704979743
5007954598649216817
4559374787529715539
1756668911507976526
2793564754708168808
3960870549220616242
5455841905507987467
8493747504516261738
6840144725353703737
3464842124192415984
2955109743512215549
575909321840477512
6819143496969506733
4512138339196060695
391667599841404356
6285353493478026148
3653411660198028748
2428027044922546837
513546030944602267
3144471743450996136
6708877621965752764
843789020435462216
6823040615717872520
6239499204163811668
2712395564280172826
2260209176475817557
8605289413381012223
7339765456340478170
7690041609672662750
9047258705750669397
1744334043679200540
1139500212364178987
4013749299154004900
1377353164110506774
499583207725966644
6417718420742209711
4968541810018134274
7788293818132196886
5836722957887700196
1057570740395113196
6474568943339466653
5554294388793357024
4298320024884102635
1818415978169488392
5137842391597687766
8160472602305728641
7555684910527788109
6602826699754364414
8555706920888615235
6415292339798372351
3272191453620326617
1329149397997179045
6788059715882353080
9123590389223205809
3478398287393209584
1972782109895365096
5775824325460323172
3554794742457594648
5129648463082162544
4687167110935185940
1955126386604932784
7533298943931666815
5043354593207622677
6724150616779571972
3799568326907147022
1285492780146031354
6274465288716977772
3683102187492766521
1491304223889936581
8414587669848873701
6449789680865975458
8142185648825377518
7515341165076494240
1027827055886862059
7444780980406335277
3860646679723673880
6017179781801436679
1012762177025506254
4647110829493521640
2651362331515182245
1616495220209480625
7924103674469578375
61577960653229271
8621240003032323371
6015607402071510572
3590050852752315483
1260141884216158287
1478890001704796175
2788423594008878578
6366795250361861277
4408613941486114613
1742501192136998992
3168634855489050693
1045963412624758972
6203794316692725773
8709388593339613996
8526775985858692701
1646708495068383184
2420096657800910889
6924361369498040127
6968598423534878615
4481877789286270588
2695548950177053391
2901445202404788766
3991746159567743194
806778638167281512
6769296085616136306
4215281538154340291
4217604462308886215
3050630488746345899
5673529097991390335
2599984889455434948
277015811649418466
1474469353478589191
8795601035822029938
8418158093092517420
3539978294289194426
7677437512436015648
9016047821238848160
5495296431979956792
8887530686819938099
7067531529084980057
211359862003278269
2852303023708688528
7819821451630290555
5471791579197024093
559214795392606826
8341121764146168388
1047045931739780723
3095523336204793728
8357160136910698963
2767924684231538649
7280478384899076421
5021564166684518367
4666979363245742924
8863929146544611424
7367338732962215397
7596840526828811377
8303214842162661609
4664596088048598641
4579522148627741898
252960114302539543
7893592836555299881
8305595811163610429
7575091292162788367
7233420374092194784
6517592015969176939
8237678931914837491
8997400343321419041
1351902584742177357
1558012538564770008
3286289104191053979
8639005572686324188
5838304722459219599
4468033579842357764
9218663443658068554
2607998586091619240
7886124666039605194
7643475314724982979
4538719202908977095
5358508625223093042
4875063551729367951
1308309081737683504
2000377942138886003
7240460758691067578
2531621597611551038
3539268051905131103
4794967632564839690
7682308414723301376
1843000125734704513
3952783447184286021
3328785390403058615
23190974910550481
3810537305197235092
8490682024985148353
7031102583688996085
5198001010030726149
7112560975223782235
7083032559440433037
6520692053952441221
702437717588746624
8415695777729477793
2724213815155227924
2420783573670667250
9021082866788076175
3364744472176829651
3735889345961777137
3880597305069127308
6589691234174578252
7479792927695660216
914953141824361170
906656429090271627
6378624202370714888
1247432775512701739
6108533630230166040
6468305704850857975
7047359287000197870
7963985527852584683
3392069558627119432
7928069066557739237
4815012028124512096
1008505295843794166
5217031714165369775
8997801767877058921
8986303325554900608
130490451435226378
2008982518554342010
1877310120412568010
6836296262918260265
4872007300671807057
2756289741183642313
5550042280223224821
4215375126269453997
664224864425426674
8675079719102771726
7319164049277998992
1596573931566127177
3208522576653303020
3686017793529843332
7052117725906817329
2129864505212281253
2009458140804342549
6057311789518005362
3993377400205028924
6862901395963136682
6720952928885566447
8021276791665557513
3502645410999885911
5902372929060806530
6744642310803841549
7819293526008961137
5847193883960701446
8784726973566292391
2011341092208821636
496894656595606681
1765852435305191453
7619375760470381682
3763075856433461639
112136420217819424
5726166516314186418
1860561398463580643
1422133155808357550
2311322586200877036
4402287033092193931
5494387251233336825
7146193488033455568
7791134170174248402
6309907696830189522
5587950481203995344
331675852534113251
1039495645989606681
3974907235129124111
8790583291396511782
7395511129223467621
7826821529909326798
6434180758094668336
234658640276553187
6118677035582031749
6471434392146712324
4140748856086140144
1529706607377798345
4485839249093769488
6543211734442298140
6865753875580610942
6824239804208698887
3193154612505286052
5661657453278809545
298136918354795013
6289575680099727165
4010130143137493718
915994305231049840
3495283618529424446
2940363714032754908
1950322152226873813
3644388395282872098
5570243383277834036
2630540573862213312
1821683670663636675
3337603269905403313
3643753783263822983
7743312663638855594
6211876378595991337
827447952064462574
1980089057409354567
3034777280020135993
6583286439620870258
5104464070358295803
5034586878076695748
76015624597688603
2934944737216568271
8069510793622202797
1285461019399367689
6059512864558703307
6058960606850995583
6515299760936787100
1673658192509164445
6746690316502071082
6716953565481066570
7176919367960187121
3822383149124194420
8708301935213096057
6095609147814482965
5327025362971613173
2060403730611868836
3619548275387490356
7777873829552591232
6161901241616150216
4096224941503109841
5228096708047901837
2372397462497535725
262146148994369003
648922715661370879
8150435698233415018
1004678842266186096
7303908724228813834
9212565971435150485
8821289562511478209
6157400381938042239
311691868440002633
3046960379011623387
6422342193476697402
1911720484926808957
1129025785973092503
8197214178991917794
4410253021249012945
2546032267291665941
6689549376547828416
2564174985814315788
7067940345809459061
116565749833147181
1601188074911678305
5293116988775587173
1068229896667382574
4333594508042944568
1653269326686804428
2526025017400127191
7596198110991790868
3182777162242740714
6391606371551924444
2160094462999825896
307423956331617057
1727234073032426523
932935674641032188
4541260616673650793
2417911235576659503
4822274754092965525
2193824925068350656
1791816842638566929
549708589277484280
8828043237100094407
1467784349225688565
2492961569608922668
547945386675094629
6769378249465250622
8486852665002745981
293193742676379483
6198845430113547941
2690712902244638807
3563754513868561848
5663711602871385516
4520566245731725701
2611272892034807697
8263895837394659928
4312039399919257077
4020523903647839246
3291667517141986225
4147988170690907477
1919912939455495911
646191104831794686
7891357039329441652
5110771096357436836
1811009683769088380
6524240712734849462
2477927552653861621
4297801349978861699
7102764406558084983
7322976334804414884
4568545941731751786
4267894323387970148
5300233793766411382
3104672725799071216
195453416580730103
5667043556649699350
4045698478677925576
8797510154282664183
6322913901632263353
9156660120166925028
331128621362143948
4885859372511558286
5131334282860855583
5559088533449578450
3795442008478146950
4090923762679486220
4249371486279520585
5216721425399632018
2930570844862975035
6300524470249636315
4212592013206411502
723817413783270170
4568651756924189755
9004075755909128204
5009643731123948019
8840809003604797578
7580973554542604622
4954316772981680300
4691754910647773375
6467381040380469104
2555173166836747896
7731224594711279487
7774018666483589401
8877929037242964254
8751699255166136858
6951089780763775780
1779710838945391280
3274359127183011408
5468312749241494600
8135384301870432379
9105478229084306729
2960941539414205224
1028330978505274925
5153865727286538846
8165350360355390353
6039715727599025701
4998267241656672486
7326042833752014268
6303069427054909125
4220990524321602256
991095199774749561
8323649576868956252
8859466744744383625
2023681403591652710
7254119087832263216
5226296539269859654
636519171631714566
145539438951594200
5881479302768081843
3112415051820724139
667311377535703429
8523426836704774918
2157847358925368395
4663931142776440653
493914803343264109
1333418792573217209
8607680794594742172
4825349263819413867
4079642400691767664
4319189940705069379
3974640604446331621
2593743485272999727
7257929697116568372
4611865638622413788
1535825006305927820
8663140814332850522
320925576940231890
8711595815740054784
3059394364201245414
266649857672211626
940634437638763347
8739173739919482502
8354979978125347938
3140921202951667778
5933088644098582334
1719402524775302948
6130471338911698889
8384745390959869834
6409219125431523401
9099572385023665695
7035723168026114095
216651708855321761
1698304509952653340
5066436198055359670
2344620532956316486
7784823791176857332
1990555113213801242
2720509766991304499
289038276973022073
225379339039838834
4030816309584807091
8273457460034091970
3984100756726839904
5923568541308152434
3461614076677564450
4863587682828391577
2199177450776482347
2004519975490627038
2386698644765722582
5355806271566714282
773760167655156539
7647367020400757492
4331654726399405883
4206290962611413495
3732640571832379010
2081174419063352132
3090994135930163460
4034447726048379406
4386879777544711351
8959223485826137003
6715960271678646113
3276545048833640861
6724781854155983919
5716900814076951938
7876173328773026235
4675737449180128913
3325606689411567248
5637327961914408620
632415020039856724
8306746822400166536
1821961896036369665
392146770239299611
4328379146815859889
3456231868432357211
2108756901445388410
4835901590890040786
6573519882148235081
3681202295182092573
5979413128938453819
2178062824599648596
500359468796858444
8999362718421293176
4345622810091733480
6098880506764299337
546788235967400986
6622335227895819172
1085100234029836652
3590147899740387332
5867623378756347513
8113208424007281507
675894705676332265
6471285465904743636
5693217494325297058
6706482756428066899
4936306753942821961
6267126529344258805
1671598409585316524
1207417856483152780
4353677261127942169
9202426582172683932
463030053667408908
6849217096391578232
6043775752183763190
1776170494580752480
1923360906888919764
563530720393428804
7846372341302666643
5748245586033192160
1597345061092574669
1705557628849305714
5434448297663933921
1419844928799559446
714442458408070076
5226542008063299740
5809818000583484890
6931245803524770433
3419291511836730402
4191594052684829946
8302424902889061048
6376767473576557609
3138903094449817548
6807623858939756481
5451786848832543407
2590967639861507647
6171026335859990403
2369223082208445219
8100011988084309249
8533657968266780922
7296027722532821087
7145778830947279731
3466444194912703195
5513996709524836617
4283725871969977092
5751950029278643421
3470881039520071840
3729270215532234137
6815109446969166864
8014706322118536615
4954322451459590153
6788001026749232061
3494168984942912294
2367096446029327658
6470942605611418877
6012110466360807304
1766239966175631863
2329248735275581189
8966494309995439358
7844745346767647097
2654894175936813320
7379529284796332492
702709425280706708
6036295891562600667
3288790606051152246
3103815238154583734
2595230559534888493
2411286527599432875
3476557510485352065
7419716075069742306
5838875371925851886
3785441780406970143
6652734182070638684
8841355227194849885
4653264936595281966
4292328900692982766
6641935432240523666
6293393219868146447
161382803212932335
2804071795957481787
6833326709201333195
8780503614393800236
8602827257592404188
4807542408254754720
8932542209484182887
4399426978829073332
4100742147377054808
7786635898889528271
