986526599303243796
7907429615184476702
3095643477961005034
6462768270432077318
6234408788696355680
3240591479611376795
1333532054147255122
8834221052689968640
5271895021172316373
145553048910587372
3889048271807527666
3960907002382951965
360630798575292310
5122471516800429969
4904263903069803046
4253494231756267710
1412833396483289967
3402521536867833449
5095920294974407334
1801968352574925008
797849824461427961
5639527367930499447
3758629160143792024
8102896639590164310
2763771443002454938
815759697860092253
4531741633411240140
6027792519382071624
3038487125273860750
155891442305982862
5143776450674198890
5877483254771667101
7855129167373695848
6225434844616608184
1520247194683372162
3887125333587523842
3987967128437693874
3749861785935081358
1585175938292297261
8884229394180923552
8471541180730859090
1017572006543485459
186816388509017801
3244786933058315144
4504108682155464422
9116776649295780618
2216020608151167241
5797778241033860714
407432199003011595
8429811307294186475
4235233487409876802
6883751065854910567
2478326776342385151
6713389235060566514
4809593238166701233
3610517030981374877
3746955231880923090
2792746426636274818
8163868760872948219
7690448252414138846
43238782355014532
8514825915960114202
2366798344556672553
51277270730749079
495533571253600006
4924205362157184871
8116330563972491538
5000780624277203077
342010669968078611
8683263816500591977
3995850894993852444
7564301284218282850
2018056804550147689
6362299266116229181
1641620409981951543
5948783855632567544
1860858369633032565
3500867154823494855
3997649018908405103
6525453871771162363
6138312642227915364
3223090624572954673
3645280714894717551
7845910849335571286
6301754037827693718
7677430936123983762
7739520501689233354
1711867373062403154
6022945445367499238
3288605749612738512
1391704934494747764
2924117606521157926
2243686406351777480
4657889301758010039
440934642670599879
3765352365688610866
8016786011683078443
1375615877578652991
9104547787357105268
5777862401959238027
4781499388980051507
2436035372813060359
1358732716156571011
6695715906401741311
1274670514556188455
658578236649242768
2815477498915373115
759924120317945473
5821290780351249284
4260690689284537219
4517138829539405564
1858199157851647051
6135059936140258071
6479256115692722220
952998822468126192
3264373127432272769
3887100424881940119
3759569378955072781
6619721919819910055
4451282460767321659
148511740963958282
4892395903846159708
3296947950135632955
4500018804245179406
5051285068303974902
2091784525683311169
2270355298735820588
8504514387710919721
2552048551186178769
8009998842389139040
4003178871746223537
8823284433991304691
404884139321347697
5997145882932081989
3730460538910145589
2345956374755913347
901100883172487582
1887109497899579993
4219649411984023563
8371614832473467728
5888777750162526998
3423432459974190331
3746636578880258489
7665619815025824209
7220421353733740344
460613606926596933
6458338328174415393
499551067890330703
8438465264693894277
8466573131763306867
1766608193349399483
3220568361279513048
5060300993348737097
8505742752782770933
5254796485709717037
495310277491029304
1500905539244934805
876862940650192703
2471423399811037371
4179030782746264280
4827351927626162326
1173182072293068528
8012074314938952493
3836219417962849458
280433502508241406
7402428187836818242
1745248657530923684
2758374662246829266
1175068320649897454
1328526297787824295
6368526003346262404
3289464383297301189
8568446308836771453
4668190674113290532
5759650681577122884
6857152475560413510
4152666830030051784
4920732011006850127
4624971632464961208
1270118571849274157
8236809753379099316
6383440132572369354
998550524166228467
5631643722561441725
8191019262367459531
6195923233152214585
1976094394407619095
6438685098010847479
4656115274682035236
5092158715515864389
448042049399279962
266799492359643686
3617664875262253293
6074544082455986188
1302493735133765700
1583524844066196310
3440085765645381956
7919948462935057128
3393767811558001645
3762773704855603368
5369656785752406592
1382345004311211750
5613714470942426568
3986647636866731519
2024991317771208380
8540391758431042314
6253714080211864646
238779305446675225
7107632340338066673
52672877969658706
6359948424391328595
7080779076858977087
3264595367916464077
8312710865502501860
4450498302911671363
4744093431488434597
3271794063537757565
2111476744282742628
5823787485542304225
