6911879111582615056
7772790040273740688
1791586382900621857
3725041649126904016
3887125333587523842
1817613394819551141
8625635541264204607
6259298626218775671
2462907603320960255
7511301357494776454
51186996638580036
6610336060484103941
4659689773869605131
8308496367494298111
3987967128437693874
3916126039506677577
4899125387374251428
8377691026983466850
6483012802674371267
7281993330967024013
7502840018077651166
7102220149549046663
7539700465289432149
4437904349215695658
3796704510517700648
3749861785935081358
7383493419433397455
1585175938292297261
8884229394180923552
1774061786821176296
1999010839093599052
1865944677193296368
994013429439415259
2700947898226522375
1792157696781653288
1591983079342681209
8471541180730859090
3611683864081517449
267682596394418540
2125877567485308831
922752682436955833
7276353600704280340
6101466599842286622
5999114739917235183
6632824462861994357
1440608898232358770
5975111675719964868
2401931247984487144
3591074004665897396
4829481423220726549
758850534775843023
9180097357905564270
3953681241394563951
1017572006543485459
3394766495647963461
8732621981527507925
1456063311666515408
186816388509017801
4775345024998780723
2307153524948302029
3244786933058315144
4504108682155464422
7373214296096070307
5443760870082935691
9116776649295780618
6521566686862004608
1907761390154525614
6577842210412303846
3566339333412567831
4040720563960373579
4160919459147950420
2915693837653647844
7165709365013810644
5445509875196920481
2848184330599471157
8966506071334592034
7399251442246296368
3223465441214739988
4209258554934179706
9009323982551055366
5155922553884222206
7643038620904621656
2056465584696437146
1308050350229404427
8041776380909272499
1915691572684362810
713000087240189646
5155528082041537406
7947891593441222412
2216020608151167241
1814869027026455257
6093792223896474624
7261574595991287654
5797778241033860714
4571029666976645379
3987076328663572333
2139643093918219556
7271854709077893833
8155691130474771508
6893427372561737595