657526165461715846
8060831135476523157
3785875857668132230
3514010693334112089
1860858369633032565
8438215999051889980
4433635048166604361
1914073887150943400
4871207936867464465
6762666920133502867
4859335921579716007
2766753190715072524
9197122712835531515
3500867154823494855
3997649018908405103
41913117572382310
1700637855142626473
356397696362031
4095895081890301649
1485589664095180538
4677642262193155334
102502058031231972
3425587282444396336
6525453871771162363
6138312642227915364
6384845986974302783
4909665101489592160
3223090624572954673
4117011584589109479
6525747079469706604
4516520069359606892
919687626548972007
572100829987484873
5258072610236434231
1781466978222679918
419988472317444585
8463608469065076692
8385179630574462800
6179630015702900288
3492800060896825382
5948100398441864141
4196147331802723151
3302321429182016542
730158663084910462
2749347278617034886
6258730554307957701
3584554129318828033
3708468442432129752
3392770013998095514
3910972128444106428
7346013127980688723
7742485967307514195
2139705179085004004
2249382008773133413
8597840658259741863
4947007300226654510
6113260832826426919
9110335596554162371
6105693182768031886
7210843752880530987
7538824420865331020
2333794557550130185
3645280714894717551
7426503230364220825
6506430701191955534
8653578885781404296
573355182303700879
3320119727814118335
1387642530935863284
2665429766960905903
7136769150472970529
5915945930904714058
236002620645095281
7845910849335571286
7202743284588188057
6966918198032055997
2167389124110956307
2537671395706739178
1222094920745570239
7128784303517806137
7558617984057411415
2156810983320094625
5739422389598253691
1706793472614513231
5127521846785718698
5681918336520395037
8459078525804958105
4099937908935132912
2018408074771698626
8397200996176952224
6046687471636677156
4856505924642091547
8369688164800480656
676387672105628175
6301754037827693718
7677430936123983762
8824713305025530181
2404916160121667081
6737231982286187935
6690061574245216375