6417911606690659185
7739520501689233354
579376709286700252
853981747414381579
4233842099050641783
5564508630029611157
1711867373062403154
2555263547324631264
7116289977184313589
6342231508299195937
8055499658559100630
6022945445367499238
7143873900873419783
2648836780490461420
2227612924853680131
3656431091074007746
2027854920692604493
3537021041856407137
6315028065533775863
8426925644842680639
8207698537473816864
6951809450388073524
936890739824897652
1802847490095196730
2969881499058731128
1026219957935388210
2724197314810315677
8162692324270089840
4470655595550578767
3288605749612738512
8442464002447761691
1391704934494747764
8544066749033455728
583754296598862441
246984053372582140
4233459312763661752
9197399236406758746
6467119495909459380
950647060239591388
1753771535796933493
4129974383619732317
5847920444847629783
2924117606521157926
775922733029731704
5162644992305890923
5840746878206051047
8060402484297926531
262395647509594398
3629642899253509415
7939662723884535650
2960565729764286184
4558588089284538422
3066471948282993496
3044360256806805528
1139805924191823919
1566077539290689685
570359123948342810
740365387648715083
2021781331125922616
4887513819353735828
3511378379733904075
2917286802562388957
4010805296474516548
4749268751694441257
16720116736621768
2243686406351777480
5494266455567904088
544573833028514519
5763762022264250564
6978413372006968783
3109485803093735796
7842568885503030846
267304814324312286
2667088919987907596
8258066600901146830
5572045062174629727
4657889301758010039
5610065897440962656
5478728788366450938
7565699865238719347
4293035578820263155
3824292961811080631
2972933487045341983
7193249371088016397
2665624106372185635
8157159214862159373
440934642670599879
5049685612626978695
745592172596374496
2769897705567581346
6972099867550956420
3765352365688610866
957294076067061069
1054294219582823276
7600244107849831335
6444005579396018990
6921911491658922170
3111629543370997896
8090973800619851096
5640842792088595715