3354635538837191589
5350426766761581456
1416095822384942201
407432199003011595
6538239076477822180
1864776076180786475
7963086389830830778
3858622236170743687
7670931965650031100
8429811307294186475
435234577453827960
4487188203697698311
4235233487409876802
2917388230209017931
8227248428748216760
3262504830191425825
6883751065854910567
7397312796927615990
998161286021878323
8459092435846048722
5392736445234766772
1329102956177753132
3538042215549945962
6030717737417673332
1678801861452066287
1922065081091083695
7318780260084280101
6448585161364494910
6004039186130998571
2478326776342385151
8719781207604970393
9077322940382427386
1217016835993517985
9000339569250836813
6713389235060566514
4191216171620068084
1051453593390082757
3292500843751002876
4809593238166701233
6880447322438419876
6530746241066798707
897420766882066344
7278359262045397114
5799168568675907091
7997932207682769792
6968462924276828700
4619932790928181008
7207988037489382516
5773538170565697285
3330056012312975561
7096358835918474310
802186049876124270
5489579114615274060
1945061180958245727
3610517030981374877
8161179707085564733
4539201999009949954
4880382687510162628
1579188564004406193
2817740002185094049
4114043883533544707
4759228892765130731
5469436797823768921
4388362693933698767
662801103403502689
318352858758183925
6519693125186053469
8472307394498870027
7597705581582135185
2878795082774454624
8257091880761444773
1252383885449044502
3746955231880923090
8483792523838266570
2406377483495085069
9166529494736879097
4427355657571190757
7044530095163581733
7479212714675353558
1124125490107463373
2792746426636274818
9216977848695427688
8163868760872948219
7244710441803760748
1672094842859115420
4043801089039314431
7690448252414138846
886398045945765440
8915686785676052376
5458951730231991099
279258679377514118
8069483622552178397
7954086352643584289
5684082340854305868
43238782355014532
8514825915960114202
3787895230104156727
1567113762165575239
2646796062787915860
3122011180278404045