5259847702224307345
986526599303243796
4809199873603051832
1333532054147255122
8834221052689968640
5035057302579570099
2977647695708925451
8411140491045299658
7271087000714997937
2715680117317990830
4858016668257102080
914646367604664033
7187021104018427812
9126769091011482639
6409428945065879455
1952516077342896474
2046805741023153542
7082719688680334903
5410213205483604636
5301952888728880271
4253494231756267710
1814901740864015426
1735122373186537133
8044595008961241580
6053668029788867309
9130642665325530052
9174325596310527640
1901877964360088522
2180730608301691710
3758629160143792024
1844148080274227519
7824683221734598635
538169197426621472
9098668747977719099
8102896639590164310
7264545216005408669
7896846925588784046
1442748157136066396
4531741633411240140
654243648802025543
3087822711563941653
3038487125273860750
5566646897242573457
6224011241303626332
4647737811714742963
3625994868684985499
5340565827252250326
5274315060282581636
6379488318604295229
5137467824820891859
3537798712742684777
4571640528739610857
8366930601756908421
3151788064346316435
3771451518440768171
6911879111582615056
6259298626218775671
7502840018077651166
7102220149549046663
994013429439415259
8471541180730859090
3611683864081517449
267682596394418540
5975111675719964868
9180097357905564270
8732621981527507925
4775345024998780723
4504108682155464422
5443760870082935691
4040720563960373579
3223465441214739988
5155922553884222206
1915691572684362810
6093792223896474624
3987076328663572333
6893427372561737595
7963086389830830778
7318780260084280101
6004039186130998571
8719781207604970393
1217016835993517985
6713389235060566514
1051453593390082757
4809593238166701233
7997932207682769792
1945061180958245727
3610517030981374877
8161179707085564733
2878795082774454624
8257091880761444773
7044530095163581733
2792746426636274818
8163868760872948219
8915686785676052376
5458951730231991099
3787895230104156727
1567113762165575239
4829683954201090991
959855428684777885
504159178897589209
51277270730749079
495533571253600006
1957499642124125668
3119202473452463111
8965232176127283058
3427751132541257220
4618403433303830422
6315742006976129734
4687756388634110293
796300441861990756
1481980315108750195
7930148627804811162
342010669968078611
7874840420200806411
8740382471534298392
2851353548225026040
4342502294186159791
3205267956836840158
3795710879239310077
8769240906622004705
3351361860535523867
3514010693334112089
4871207936867464465
2766753190715072524
3997649018908405103
41913117572382310
4909665101489592160
4117011584589109479
4516520069359606892
919687626548972007
572100829987484873
6179630015702900288
2749347278617034886
3910972128444106428
7346013127980688723
6105693182768031886
3645280714894717551
6506430701191955534
2167389124110956307
7128784303517806137
1706793472614513231
2404916160121667081
6737231982286187935
6690061574245216375
6022945445367499238
3537021041856407137
8426925644842680639
936890739824897652
2724197314810315677
4470655595550578767
3288605749612738512
950647060239591388
3629642899253509415
4558588089284538422
740365387648715083
2021781331125922616
2917286802562388957
4010805296474516548
6978413372006968783
7842568885503030846
267304814324312286
3824292961811080631
440934642670599879
2769897705567581346
6972099867550956420
1054294219582823276
7600244107849831335
6444005579396018990
8090973800619851096
7772372249873171056
7038997806303396079
1629671252604261593
1048381894335508196
4369009562190755945
1795910663351568151
4417347853623061017
4414655041966138928
8016786011683078443
1375615877578652991
6114538785790797159
987109754297179696
7809816635933467108
4029419310311927195
4250904523269730957
3233190679341923073
3362023986062475331
6944063640505463649
6869367395387648410
545455526409651899
3043061516113917732
4003401526947517223
704511137720483081
4520535312547128113
3365163860513613692
6200209841079508405
7964065098200619239
6695715906401741311
1187945073582656486
8361565819222073664
1274670514556188455
705902347663295154
5226967864408367542
7545124860621777840
3265192592310858965
5449588332760335922
2053511128526687922
2627111263365055964
7271550858548689425
8549360364217348519
4039175552274797140
1858199157851647051
2318382929041753284
7496993978633240441
6135059936140258071
560623354497579650
8629207088396608783
4202764031629995595
3264373127432272769
529382523543938497
8431840867172875978
5850340244338620726
72783259648358792
6011127476358695521
673908879684205576
8352052485404550488
4500018804245179406
8839647282844809017
5051285068303974902
7371509364030429530
2270355298735820588
8504514387710919721
6020932297180864171
2104359983256181532
2596257878885587856
6884666622277971247
2741648563172926869
4033800989569096204
2345956374755913347
2307553392923931814
4958165792745424050
81517092857239059
824546350923534717
4219649411984023563
293468103703274667
1789035353580412767
651637453724812296
8437411663903790173
4832574938776565676
5609043793103891008
1331403684379313709
637662140163187137
7508030879827573335
3491274818939129154
3950828434158873171
6027659226117589901
7665246457778913679
4863041243770974025
6458338328174415393
2404411402692416247
1125654549714778333
6529719892644667320
2250921000211055002
8576260841932493168
8466573131763306867
6361314223306209399
5990337417806996280
2530875905948036164
2158135907318105585
4372413441103205043
1934843901300056309
8398574331658808500
5060300993348737097
7213680247670402099
2594944385984745473
7290310236692931357
4003048373743566509
799367426462539685
7983561551297014535
4309983925391264395
4530929926776199575
1495787104978795295
3167944002569276998
5450865521792353274
5250032191889389296
5499668889206220207
2807073055322396300
6463324069668911114
1169200630906249181
145075050329991640
9021227952681981829
2471423399811037371
1104259962308616839
1517473751124101981
2164793818700931077
4575415681789129443
6347744714533913755
1962049429806399690
1060936325222302252
8610109866128736161
466346239176791131
4134014316026438950
8485170759353436150
5581069074181210019
7820478820519663414
6776205571207657011
3291727505431846804
7402428187836818242
3898411121460287955
8085978548807743590
2811180453434265529
2758374662246829266
5783997211927374704
5571636062484592736
4995487668168702893
6926739443067374268
5384279899917681245
2599246620763835847
4084820326439404393
2689275246586116695
7049256708199159152
1019516787888925232
3142328796452057092
7946799465744230596
1818293365764756415
5759650681577122884
3828132888583494350
1803725974117257612
5773671231500350011
2380410536274057141
1700553943048302733
6383440132572369354
1396120139429078048
1784130165072611516
7437469839694045431
8455906893804459740
7663090797395482620
8191019262367459531
6195923233152214585
5524837185492879167
9002699824951278101
7497074265736105768
7429011025288980709
4156730922516920309
6176423072313941884
6438685098010847479
6157001601679097066
7598637319761545478
21710940499337402
7351407666017331702
6002039576127298704
5682545754102257028
450941014675244827
1225551675043334149
7606162554490887728
3446619088002665881
4984999329450119452
3528113428803951786
2463077054152598191
7407780485400932326
566364161842920106
5067619578860609480
3874847842050147750
448042049399279962
2839117285559806794
266799492359643686
3722921800327220080
3934864245968323572
1528261864523480044
5779720168577652748
3617664875262253293
4285241327432851738
5231610863946004592
1371568759627273449
3002317151436266974
4159843512445653525
3440085765645381956
6456250909689845751
2295334000869243442
5369656785752406592
6713374850892065678
8848152924779869421
1184941598206010261
3124812235525960445
1496719077625730849
2579486378644480392
1704354286421563234
4367392814125521454
7860745266074086474
1620814630864127644
3203197841359791786
8540391758431042314
1352429130286944795
410080886479240774
6253714080211864646
7997964373928649402
238779305446675225
52672877969658706
7097605403921901046
4493877941701853281
4400695465126427837
8421945214297114353
8150481640076875474
2397111908463881683
7277900049361618863
8393355429824450805
7367312785314412568
21874749219512627
3914911961762456694
3525494590229119250
2403468030960448384
2882132898044070263
354617037061260096
6283683777149351933
3264595367916464077
1224668352686842105
8927775188704184077
4450498302911671363
8269271118475754910
2981386118108722818
1052399760466419303
4474666713682939336
1860955007416490544
150588871272774328
443880702671924729
2878883612871545100
8414013962048162462
6995270825193975475
3543625837069250720
4206388096878117311
6810426036455981819
4000465369532264980
