5259847702224307345
986526599303243796
7907429615184476702
4096680627843048024
3095643477961005034
4809199873603051832
354038423584831772
6462768270432077318
7501077269508151063
6234408788696355680
334754516605790873
5764845953555875677
1916690129779534651
5952466200564791981
3240591479611376795
4655151073851767293
6398864294938849825
7013904931329299276
2755826834728977117
569177362249654202
1333532054147255122
8834221052689968640
7050967896534469635
2990001627642466168
5271895021172316373
9184401196831706303
2908595210273748449
3520152334074589584
7297975987043621075
5035057302579570099
2329907003288370287
648366025103543147
6036702271554996651
3912772864417548974
2977647695708925451
7476148434709129727
4492336006619738354
2464380563040824523
145553048910587372
8411140491045299658
7271087000714997937
3348822142993288439
3889048271807527666
3903497771333152017
4051998538737168245
1185866819236804900
8827134645396484910
2715680117317990830
4231218365150823354
791366801318567506
5533254329990949277
8800606197932361764
1135519059930550667
2962544154845765499
4451640765190074195
5715689105013728900
1751820842839981750
3960907002382951965
6333207423196203657
8601854292324788426
27653294355628597
8540143098039750117
212848056672826912
2032035948464065849
5962823701869074991
2486597205319229494
9744235290042145
7423543658013811571
4858016668257102080
8097508426260820733
5839937493441305124
914646367604664033
2295613151034359983
1556083295615987048
1735086651116414392
564060269382110485
1016795606277288218
7187021104018427812
9126769091011482639
5509625903079100231
3297723970868032563
5504299744098328988
358248252879208001
6409428945065879455
9169947687770604431
5222694784642855652
4169100327623110203
360630798575292310
4341613878938463654
1952516077342896474
5123179033751610544
4823496222472018238
131542456149600210
2046805741023153542
387514393226655927
1305500329052456499
5122471516800429969
4590090715952703700
4856165749943427055
1735052586828916482
6329162550534297778
3258786843934278224
4904263903069803046
7082719688680334903
5410213205483604636
573387956560107988
4332402883204410033
2565764615093649640
255378901192086838
3086311932345215101
2535130139898466601
5301952888728880271
7945168573561854715
6251168738056396791
4253494231756267710
4450324459756485961
1100468321302387829
8083860535322953543
110653734732904533
7300658855429815647
1814901740864015426
2832160123582243139
6502178250486744187
1735122373186537133
8044595008961241580
7992782017248327801
2247383226719755211
3025555463609862007
5834095006157379554
7111624766056859147
823452939056551405
5017160346061922424
4532659734674390956
6053668029788867309
9130642665325530052
4072387452364024509
9174325596310527640
4915756862112632631
4999483345474145835
2676642780346233446
1412833396483289967
3402521536867833449
2246967088932046143
5095920294974407334
474925805058302886
8487109037341240826
1801968352574925008
2464208871648335491
797849824461427961
1901877964360088522
2560524228207640904
5639527367930499447
5519080072013655590
9123958974413483201
2578163810801091871
2180730608301691710
79189666231686782
4061131427379376037
6079268747551307781
548381541800317167
6039682351677052057
1100176932858458610
3758629160143792024
8968088706075144146
1895019307108798343
1844148080274227519
4342591443549519952
7824683221734598635
7787933130262024749
8601998516721627695
5356795925038978970
7665080189211150
3321956072522312820
637756475871096068
2280158738520920181
857672665707333638
6688373538823726286
538169197426621472
7731767772820538454
7850552940024984939
7008738463337664411
4662298036678806683
5723001036728812821
9098668747977719099
2191808853535678406
8102896639590164310
7880776337685243105
8465666009328394485
7264545216005408669
6172159110832657010
8425111993040106702
2763771443002454938
6729796485866871848
9164820234464131126
6848912820394864508
480824887569584701
4161745813783630573
6721337941484295085
1395324245153822567
8428974539287297490
815759697860092253
2176120909743659527
3311408978047916314
2399845879228922488
7438697032367272640
7896846925588784046
1442748157136066396
4531741633411240140
4100819893256993998
4754789687418806005
8996739892633160284
6805384747189720897
654243648802025543
1002033255850179101
8361580298990770284
7437051289487501940
3794107251288115863
6027792519382071624
8560011186501214906
6207494479613897086
3087822711563941653
7169707694865304220
2137459797089386099
921824724402575938
349052525022474448
3038487125273860750
1662812245957786392
161755782206756835
8394040823425323101
7682736217859657665
2597086546165406859
2498045266933775407
4109936234010102492
155891442305982862
3498047433366379454
7197597390779556936
8653358145248412932
1332025810799398705
2056896602832218049
5143776450674198890
5512492737985523970
1074269341484163173
8239767951805707784
5852506615673444720
253488624363281998
6812429453382324888
361031774689369164
5566646897242573457
7099570505986414171
3120572478639691623
448365725255021980
3983908754185952898
4189827964750001073
5877483254771667101
1972456528595845948
6224011241303626332
4647737811714742963
7414579440818879121
3625994868684985499
2091243825127146242
8215366926780900640
6975424207255550570
5340565827252250326
3411063548468018317
7752284878821234991
3933690563176262587
2542156663943368371
5274315060282581636
1668161910227636676
6401289293379191347
3088520231144817193
6566575098254949797
5871330163889635285
7855129167373695848
6224450559555813640
4537086739729547014
6379488318604295229
2651007183483849372
4880133402460706107
6450155283289558078
8081562863741721696
5137467824820891859
5452449267791546143
2116593112186348378
3537798712742684777
3728920014299999147
2845095469275784462
6032273403848294734
5792492331318034961
4571640528739610857
6225434844616608184
4879384120276094238
1520247194683372162
6445164008729712236
2079381718915912631
8366930601756908421
7557792298423124525
6160398965466237531
3151788064346316435
3771451518440768171
6911879111582615056
7772790040273740688
1791586382900621857
3725041649126904016
3887125333587523842
1817613394819551141
8625635541264204607
6259298626218775671
2462907603320960255
7511301357494776454
51186996638580036
6610336060484103941
4659689773869605131
8308496367494298111
3987967128437693874
3916126039506677577
4899125387374251428
8377691026983466850
6483012802674371267
7281993330967024013
7502840018077651166
7102220149549046663
7539700465289432149
4437904349215695658
3796704510517700648
3749861785935081358
7383493419433397455
1585175938292297261
8884229394180923552
1774061786821176296
1999010839093599052
1865944677193296368
994013429439415259
2700947898226522375
1792157696781653288
1591983079342681209
8471541180730859090
3611683864081517449
267682596394418540
2125877567485308831
922752682436955833
7276353600704280340
6101466599842286622
5999114739917235183
6632824462861994357
1440608898232358770
5975111675719964868
2401931247984487144
3591074004665897396
4829481423220726549
758850534775843023
9180097357905564270
3953681241394563951
1017572006543485459
3394766495647963461
8732621981527507925
1456063311666515408
186816388509017801
4775345024998780723
2307153524948302029
3244786933058315144
4504108682155464422
7373214296096070307
5443760870082935691
9116776649295780618
6521566686862004608
1907761390154525614
6577842210412303846
3566339333412567831
4040720563960373579
4160919459147950420
2915693837653647844
7165709365013810644
5445509875196920481
2848184330599471157
8966506071334592034
7399251442246296368
3223465441214739988
4209258554934179706
9009323982551055366
5155922553884222206
7643038620904621656
2056465584696437146
1308050350229404427
8041776380909272499
1915691572684362810
713000087240189646
5155528082041537406
7947891593441222412
2216020608151167241
1814869027026455257
6093792223896474624
7261574595991287654
5797778241033860714
4571029666976645379
3987076328663572333
2139643093918219556
7271854709077893833
8155691130474771508
6893427372561737595
3354635538837191589
5350426766761581456
1416095822384942201
407432199003011595
6538239076477822180
1864776076180786475
7963086389830830778
3858622236170743687
7670931965650031100
8429811307294186475
435234577453827960
4487188203697698311
4235233487409876802
2917388230209017931
8227248428748216760
3262504830191425825
6883751065854910567
7397312796927615990
998161286021878323
8459092435846048722
5392736445234766772
1329102956177753132
3538042215549945962
6030717737417673332
1678801861452066287
1922065081091083695
7318780260084280101
6448585161364494910
6004039186130998571
2478326776342385151
8719781207604970393
9077322940382427386
1217016835993517985
9000339569250836813
6713389235060566514
4191216171620068084
1051453593390082757
3292500843751002876
4809593238166701233
6880447322438419876
6530746241066798707
897420766882066344
7278359262045397114
5799168568675907091
7997932207682769792
6968462924276828700
4619932790928181008
7207988037489382516
5773538170565697285
3330056012312975561
7096358835918474310
802186049876124270
5489579114615274060
1945061180958245727
3610517030981374877
8161179707085564733
4539201999009949954
4880382687510162628
1579188564004406193
2817740002185094049
4114043883533544707
4759228892765130731
5469436797823768921
4388362693933698767
662801103403502689
318352858758183925
6519693125186053469
8472307394498870027
7597705581582135185
2878795082774454624
8257091880761444773
1252383885449044502
3746955231880923090
8483792523838266570
2406377483495085069
9166529494736879097
4427355657571190757
7044530095163581733
7479212714675353558
1124125490107463373
2792746426636274818
9216977848695427688
8163868760872948219
7244710441803760748
1672094842859115420
4043801089039314431
7690448252414138846
886398045945765440
8915686785676052376
5458951730231991099
279258679377514118
8069483622552178397
7954086352643584289
5684082340854305868
43238782355014532
8514825915960114202
3787895230104156727
1567113762165575239
2646796062787915860
3122011180278404045
5034228892552136146
7630299828960827948
966247854177679357
4829683954201090991
4974775936447056507
959855428684777885
2366798344556672553
5773391113104831822
5515271461492870148
6093282752645685447
3881464260078570511
504159178897589209
51277270730749079
495533571253600006
8819487522721829018
1784349444776116410
6864611861096393339
7610120630571883290
2702062491069700039
4928719438868923386
2670489123638899789
3530288166095899121
4924205362157184871
8800640261621706296
7584515484945292827
1049388608555853667
8199745104761381764
8231875829335861615
8963158673046848675
2663720041513338551
1957499642124125668
6010362512651522854
541292780900399665
1182986944506227080
3119202473452463111
36810794923551964
5319203368530581702
7269362634032885899
8965232176127283058
8116330563972491538
5673015397776024317
3427751132541257220
4618403433303830422
3742544550844528345
4803513455839501673
6315742006976129734
3888774923691191928
5183897220253462184
4687756388634110293
8454098040226035291
1189927825931317473
411275743632118075
3465880253743482174
796300441861990756
6568457495472534720
3039999321784940857
1481980315108750195
7930148627804811162
2856411645586955323
5000780624277203077
342010669968078611
7217819311764064334
8683263816500591977
7874840420200806411
8740382471534298392
2851353548225026040
8540872386816224624
4342502294186159791
3995850894993852444
7011788607124696181
1684174355122862361
7564301284218282850
1330990397411555077
30334331102261167
2870389100173727723
2003886861728782492
949456103303781315
3056150289292304389
2893206641238914772
2018056804550147689
2801345156422892124
6362299266116229181
1641620409981951543
7373577440550890828
3205267956836840158
2772400997632858710
3795710879239310077
8030020528202607983
7512117562136230688
7390422127556872981
8769240906622004705
4029584366474559573
3351361860535523867
98201442401225265
2546342114949757143
3064511997367278182
474476886842328855
5948783855632567544
4275207473288427484
5663559375585467851
657526165461715846
8060831135476523157
3785875857668132230
3514010693334112089
1860858369633032565
8438215999051889980
4433635048166604361
1914073887150943400
4871207936867464465
6762666920133502867
4859335921579716007
2766753190715072524
9197122712835531515
3500867154823494855
3997649018908405103
41913117572382310
1700637855142626473
356397696362031
4095895081890301649
1485589664095180538
4677642262193155334
102502058031231972
3425587282444396336
6525453871771162363
6138312642227915364
6384845986974302783
4909665101489592160
3223090624572954673
4117011584589109479
6525747079469706604
4516520069359606892
919687626548972007
572100829987484873
5258072610236434231
1781466978222679918
419988472317444585
8463608469065076692
8385179630574462800
6179630015702900288
3492800060896825382
5948100398441864141
4196147331802723151
3302321429182016542
730158663084910462
2749347278617034886
6258730554307957701
3584554129318828033
3708468442432129752
3392770013998095514
3910972128444106428
7346013127980688723
7742485967307514195
2139705179085004004
2249382008773133413
8597840658259741863
4947007300226654510
6113260832826426919
9110335596554162371
6105693182768031886
7210843752880530987
7538824420865331020
2333794557550130185
3645280714894717551
7426503230364220825
6506430701191955534
8653578885781404296
573355182303700879
3320119727814118335
1387642530935863284
2665429766960905903
7136769150472970529
5915945930904714058
236002620645095281
7845910849335571286
7202743284588188057
6966918198032055997
2167389124110956307
2537671395706739178
1222094920745570239
7128784303517806137
7558617984057411415
2156810983320094625
5739422389598253691
1706793472614513231
5127521846785718698
5681918336520395037
8459078525804958105
4099937908935132912
2018408074771698626
8397200996176952224
6046687471636677156
4856505924642091547
8369688164800480656
676387672105628175
6301754037827693718
7677430936123983762
8824713305025530181
2404916160121667081
6737231982286187935
6690061574245216375
6417911606690659185
7739520501689233354
579376709286700252
853981747414381579
4233842099050641783
5564508630029611157
1711867373062403154
2555263547324631264
7116289977184313589
6342231508299195937
8055499658559100630
6022945445367499238
7143873900873419783
2648836780490461420
2227612924853680131
3656431091074007746
2027854920692604493
3537021041856407137
6315028065533775863
8426925644842680639
8207698537473816864
6951809450388073524
936890739824897652
1802847490095196730
2969881499058731128
1026219957935388210
2724197314810315677
8162692324270089840
4470655595550578767
3288605749612738512
8442464002447761691
1391704934494747764
8544066749033455728
583754296598862441
246984053372582140
4233459312763661752
9197399236406758746
6467119495909459380
950647060239591388
1753771535796933493
4129974383619732317
5847920444847629783
2924117606521157926
775922733029731704
5162644992305890923
5840746878206051047
8060402484297926531
262395647509594398
3629642899253509415
7939662723884535650
2960565729764286184
4558588089284538422
3066471948282993496
3044360256806805528
1139805924191823919
1566077539290689685
570359123948342810
740365387648715083
2021781331125922616
4887513819353735828
3511378379733904075
2917286802562388957
4010805296474516548
4749268751694441257
16720116736621768
2243686406351777480
5494266455567904088
544573833028514519
5763762022264250564
6978413372006968783
3109485803093735796
7842568885503030846
267304814324312286
2667088919987907596
8258066600901146830
5572045062174629727
4657889301758010039
5610065897440962656
5478728788366450938
7565699865238719347
4293035578820263155
3824292961811080631
2972933487045341983
7193249371088016397
2665624106372185635
8157159214862159373
440934642670599879
5049685612626978695
745592172596374496
2769897705567581346
6972099867550956420
3765352365688610866
957294076067061069
1054294219582823276
7600244107849831335
6444005579396018990
6921911491658922170
3111629543370997896
8090973800619851096
5640842792088595715
7772372249873171056
7038997806303396079
160019246181839980
9037054517129247710
5748784587075001617
8814505730006536183
1629671252604261593
7250561456325466596
5039236920590311518
494444076574461486
4152613091967344456
1048381894335508196
6068188850550165013
4369009562190755945
5272149036402358857
1795910663351568151
3172973055223574354
4623465772058930436
5524912075887043161
7670278777224842413
4417347853623061017
4414655041966138928
6711074722528954209
8016786011683078443
9077761875035605295
1375615877578652991
9104547787357105268
1079015369740940707
6114538785790797159
987109754297179696
7809816635933467108
3125391176340514333
5307327420143442009
4029419310311927195
1149509195079105356
5777862401959238027
4566216234919262554
5066346887846065410
9026633364710057958
8657261845142666497
4250904523269730957
4781499388980051507
1568900501300931346
8456203461760180092
3233190679341923073
5830934060797029133
3362023986062475331
2436035372813060359
6944063640505463649
6869367395387648410
4092023487626110792
1358732716156571011
545455526409651899
5214128948653972737
2111920652673673447
3043061516113917732
6208401351166247948
6474190836513068041
2188870222915652226
4003401526947517223
7335300825653942703
704511137720483081
2931083439758852429
53938104097461079
7411069349036216139
4520535312547128113
2382570700580309154
1814693262036297069
1087990187737290194
3365163860513613692
6200209841079508405
2735699005064755091
8787400572406329544
5648120585773651121
1916607870317754562
256738983546706202
8815486311955238724
571555626325662912
751940041539642418
8963799765983191259
26125553597265893
3909007495482060512
6276238363912260903
1152264300637466350
6562132867615330250
4966063489556433449
5263047829177947870
7964065098200619239
1918278313483309832
6786459976436144081
3252552956481686912
6695715906401741311
2636703473233168765
2301849763578109486
4175896308843366790
4159711989296325610
3522455197153253742
2076110560865688492
8496108795115814791
1187945073582656486
8708093360014207260
7831670735663124412
8277819842949199109
8361565819222073664
1274670514556188455
658578236649242768
422934074177456303
705902347663295154
9135319320558309752
4899972786115624007
4129134295051054887
9210832168752783925
8132502536969157806
7258833290831078930
9172732693131615264
9160216505462179833
5226967864408367542
6937615523651201791
4028450945449373390
5818494876378353075
5397838398505723427
844976844649141329
7545124860621777840
1364531235419658663
3265192592310858965
5685235736594126030
8068792072010885516
1890854909610031456
7494583689478439916
484986786823790908
7580224207061209577
5449588332760335922
2053511128526687922
8113872052401883191
2627111263365055964
7484916131750223841
2815477498915373115
5332173534424447198
1826889448432063444
1521087783768135010
7271550858548689425
759924120317945473
6961311072870994689
5821290780351249284
3130332847987277460
8549360364217348519
4260690689284537219
8276265483482198071
1575511217596927361
5344202231677698174
4039175552274797140
6171715710010022437
3057519409348427248
7976406089775769480
3172507977537097880
6217838463613014881
4517138829539405564
479164154811644041
1858199157851647051
2598039032797008278
7934821185157099816
8054087853579315468
2318382929041753284
4999672504596049135
7496993978633240441
2328699803880438705
6135059936140258071
560623354497579650
6479256115692722220
5363766638095692655
1080293311514925987
5408903035125244956
7587042983977140817
6508256669077804918
8629207088396608783
1828999733873902095
3491071253165937873
195203981287689528
4202764031629995595
8076543722074582017
4092141083557247425
687459749114848878
8197551601363602087
6405231559125832118
2648208133725370039
3148049293009885578
7778188327440464730
952998822468126192
6136551605099407222
7501847078544969463
1538820195380578059
4453968761278920004
3264373127432272769
2556207440136358784
8156385994532281433
6705645238208727442
29489316469815065
7983950921480185708
7438912155097334045
5655550320931331019
2064776694945951989
7683909774917255867
2116577441776956352
4348985263072153947
5605996008689181389
5920916703349250334
2025519548772432606
184870454329738303
5160802879241381134
2450088319744356576
2651097793264597406
529382523543938497
2578955314333616233
5818564159385538233
4721263406047810191
7359631462640561652
7789233474353572338
3887100424881940119
3759569378955072781
3852471042821105229
6619721919819910055
8252183136918443556
4225278222469484039
4451282460767321659
8431840867172875978
5850340244338620726
1274881255226965165
313917547192237650
72783259648358792
8088246331453292135
6011127476358695521
44082470795294420
148511740963958282
2531157637498029950
8808945399252040195
4809098939226602455
4892395903846159708
3959369655236078085
775414498850314439
1896977556416399746
673908879684205576
5625470525595958864
2201650830308509474
1816743567642009289
6313426998288030611
3296947950135632955
4432528968847638356
8352052485404550488
8379317260146243939
2418140353206552752
627574289255546376
4500018804245179406
6331645977634203828
9056999521981593924
8839647282844809017
7287795069121140535
1057686985410074433
4934826445009683399
8424205424886053827
5051285068303974902
7371509364030429530
765016555668806349
5158875542621461079
2091784525683311169
1552175314545107643
5345164845722033378
5308864246873768307
2270355298735820588
8504514387710919721
7654640748461528398
618781119217407354
1170436918827975976
2552048551186178769
8492534746133559542
174405237324574733
8936548509140006716
1195341523134196244
8009998842389139040
1163563677847186242
4003178871746223537
6020932297180864171
2031636402143738609
5434849370110480411
2104359983256181532
2596257878885587856
8633836279776012288
259223826825325013
8823284433991304691
404884139321347697
6884666622277971247
5542305351718244179
203763097906136613
2741648563172926869
5997145882932081989
4201873603784497042
7609666717324505392
3336713446891455919
7942758320665330165
3278418045635457162
7242313880721642063
8744097774037036378
4681973017348042749
5763799139385574247
4956867673791513521
473841564009849050
4033800989569096204
1345899665689021827
4498192297675916640
7396411364795393378
5464193713910718996
3730460538910145589
6538332584506767025
2709005619094555977
2345956374755913347
7042729677464967489
901100883172487582
2307553392923931814
2814939240350969533
7840802108987451348
4958165792745424050
81517092857239059
4348952053365191892
3506479594326197963
824546350923534717
4452875060061342264
3350220490158859578
2839270583813433026
3285294588477652988
1887109497899579993
345725736589133102
2981101698414309592
109086575166748434
2641001217698563386
4219649411984023563
5617513092880777503
8145234710560540699
293468103703274667
1416183088875837515
5784381502175383295
4828973835091344988
8238332247198869826
1789035353580412767
5193406878278331590
5272008822965913670
5157379675650116965
4487057801507610706
5239616143365184660
3150842578303646897
651637453724812296
3132512839869647640
154269617487245600
6155706110068876251
8437411663903790173
9072327948511820737
4874195944254205387
8371614832473467728
5888777750162526998
1587705425084107208
4832574938776565676
2597884070633623755
5514091954413809499
4506460587755282381
4794913515404183079
3423432459974190331
5609043793103891008
6497783192685162924
1331403684379313709
3117524106610295274
6119884298221417076
1896912974039994802
2761634220428367990
9119487130027995041
1847688306983221701
5035555380884702287
6639949546702415505
637662140163187137
7552189750987904369
7508030879827573335
8603105700674905889
3491274818939129154
3746636578880258489
7600969882423763191
3586156313179272257
2595931603374718815
3950828434158873171
1234280902244000561
7665619815025824209
3097804434786747079
5466473570747174635
6727116443948005351
6027659226117589901
5248072931924359169
790144155547183919
7665246457778913679
7220421353733740344
8047578648768520712
4863041243770974025
7760416698585541185
1232432839759267799
1090794146117741284
8310783912075779115
7753984918602119485
8127616091029959417
9050339198633551343
5647767539176595797
7020947713552105507
4519955714716010892
460613606926596933
7306297375647113333
545488928833300911
6418237615714295857
6829671952006403713
6458338328174415393
628447881924307361
2404411402692416247
1125654549714778333
6529719892644667320
6432678797147641097
244206239632498556
499551067890330703
2250921000211055002
5499580840845400225
8438465264693894277
8576260841932493168
8466573131763306867
669293705989916944
5830465118919044939
7675881743911606552
7536902242395156468
1459673235271276412
7115550451080819545
2440998613166336450
6361314223306209399
5990337417806996280
4475050832323842124
701060430026635772
2530875905948036164
2158135907318105585
4372413441103205043
4483494735157002737
1934843901300056309
8386132446826424667
8398574331658808500
1766608193349399483
3220568361279513048
3917893444138054202
9158143411766723174
3204385524815540210
207089613685175674
5060300993348737097
5822907597037322578
7213680247670402099
8516792684333538261
2594944385984745473
7290310236692931357
4242845845085447831
4031947051689624931
5480555318905308840
2644269958554933721
1306930785187052568
8325341469241711423
4003048373743566509
4123006072265534928
3828147212069630226
799367426462539685
7983561551297014535
7085845099940587649
2113979379763215294
4309983925391264395
6283595680228639890
2033269046692093701
709194579458924657
1956726288204807552
2002723692597890815
5821997469034874211
4530929926776199575
8505742752782770933
1495787104978795295
4550800521609428126
6638629369831104329
7817178761547947095
8470216532515287089
8348956503302597649
898915671243016132
336831760374489400
6460766820591852379
4225460293913002940
6900192421644308077
3917651511683830271
3167944002569276998
4431811572433403098
2733709715768200169
8705309629180739071
9003765402735538179
5450865521792353274
5254796485709717037
2036329922603078163
3951957387758429481
5250032191889389296
9070149607190258328
3308590297973130839
1017406798137975398
3115576582204424994
8752294295574816503
261083476749357068
41540085926819
5499668889206220207
4981769267136002072
2807073055322396300
8997799167749416106
6463324069668911114
2342629584904979163
3631145728827348111
1870704405606396999
1480123398875941692
8963462221127230208
1552054558976630475
1169200630906249181
145075050329991640
9021227952681981829
1831769316627584605
1187964287827508188
495310277491029304
1500905539244934805
876862940650192703
4311174967380800760
2864451544736742480
7738279711196235411
2471423399811037371
7892122470390586132
8551508946152010709
4513803879586619021
1104259962308616839
1323784296336908489
3498157074185101305
3252635403628872004
1517473751124101981
4329580805155891983
5422731713015228099
6320483146614318904
8419538435590254210
2164793818700931077
1660609092036406775
178233460587326013
1585993188934654158
4179030782746264280
5086389645742039118
1365244018824585807
4575415681789129443
5503476541382049942
4827351927626162326
6201602444428525930
6347744714533913755
2492666072728846266
8157238868646962605
316760924081892604
8760880759283722578
554383404476646363
1962049429806399690
1173182072293068528
6449961342186834976
4669315370729073972
1060936325222302252
6168326660280400389
7477572027441596125
3677047351719793402
6065944330405696393
1942227928526438964
8012074314938952493
8610109866128736161
1930935720967818652
466346239176791131
3242671318987747032
4238462582528325969
203638352472577218
2525856582542128301
3942176926171869663
3135667247780932932
4134014316026438950
8485170759353436150
5661828018899180478
1486608367249439118
3934862175291522794
8135036837413867638
3836219417962849458
6139362144084471554
6598970912931651418
6971508337554916965
5581069074181210019
2807196822215385351
4375132267585274002
6502542066345624307
960058009562222517
9138022133788511202
6800371073839061516
556207143615033073
7112625057867151019
6980920154203873196
4648722609219419218
2691021060703147784
4329510497103673014
5404144437420428137
6485113708773550341
9064605423761998715
7820478820519663414
5616200453702593155
1414825801998154447
8585765482323569512
5198133709986024777
6776205571207657011
6086522812885233905
8009625370834147498
5332538482045453397
280433502508241406
3291727505431846804
1063857628643667273
1088215029262103565
1166898835151204785
713854577440342660
7866435177789595169
5883076663617059974
6374355811077036312
8246623268206968138
2838752223705091165
2254151753531528268
3811367745214917977
7402428187836818242
8978220893959334990
3898411121460287955
8085978548807743590
7303159347389775492
7551787824203967639
2811180453434265529
1745248657530923684
5751997647228461635
5548204261277849633
6213235598212288359
5016119498320784677
7925040099922508482
3372373323816824849
5795658841941332707
2758374662246829266
2687698037688006921
3363713456165800346
4737779940667368287
2698452217848037784
7552940269209352486
1175068320649897454
5783997211927374704
5571636062484592736
4995487668168702893
2063908885930378982
1328526297787824295
1474097318138637597
6926739443067374268
6895905853166053963
2946720606090320983
4831412146511872177
5756121732801555551
6670779830649563552
6816981934422259855
7088216973438450553
7702108485196920606
1560670064442487133
3607046314188342178
5384279899917681245
2599246620763835847
2603881956288347935
4084820326439404393
6368526003346262404
5070192223637383608
2689275246586116695
466035416500259335
738522949204081407
709431223269461924
6086438182625869436
4411914708867706563
9047164312692050974
3087038001918623163
5874831927419165613
7049256708199159152
1359952282452826979
8395149783619239759
246781942732674640
6399767930764267938
3289464383297301189
8319369364117386997
1688890297229994544
442303049484240871
7807949185837978652
127756227829116654
5288538017424111551
8568446308836771453
1019516787888925232
4437582408572999897
3142328796452057092
1787698758116034077
6598658634163781853
6745938361986919583
4668190674113290532
5206104507120322685
297351565833174329
7946799465744230596
7499376224306867696
3331945022108331649
7870370145228057051
4073709321256886182
7038218089216371414
4456654669398597870
1818293365764756415
5759650681577122884
3828132888583494350
6857152475560413510
8192313538775404719
3399740110961815074
1803725974117257612
7571169910214148907
4634235848095436223
5773671231500350011
3295208820533079823
5202945784841892584
4109468455915070146
5692726503341159105
3937829166019949295
5119002053230720573
2380410536274057141
530447792292950184
4920732011006850127
5151819975274000919
2531427194910496768
7778801281861725140
5225262135752612456
6102260903941021596
3642784906273594414
815149456638833384
285719258844080303
7621905208591415183
4624971632464961208
1270118571849274157
2441181676165447211
6743813925391016910
4743944013109328490
1700553943048302733
8236809753379099316
6093700541679237512
8908197573796471853
2918937364763908172
5091367795317918841
322352913788004435
2981136957828409959
3228275674866300318
8354866003176604756
5949584583022827282
6383440132572369354
4415705645891753399
4295433997433661680
6028130612958691820
1771613282502465272
2400510644236672624
45543538338859212
9111212057895740060
5124648296480434493
998550524166228467
1396120139429078048
2975530000756131159
3927924655667509658
5178013890702059520
3108726066789421456
2658657235470848888
1784130165072611516
559122596454620206
145794451188095671
8289392589572108017
2958379598687745132
3399571917013337208
7437469839694045431
5638491684935552924
5631643722561441725
6093808055687309938
8455906893804459740
8086477246286012721
7663090797395482620
8384919717238613162
806970827109989048
7913796416183818344
2076216438038692464
113254430724077082
4547936455060801290
6518603302548349563
4103189587719007013
4152731830614127279
8191019262367459531
2676091609642439719
7947192804473629077
7436056620002042312
6236539852345850723
6195923233152214585
5100298298904484135
6277660146199832364
5301858721215840925
1743802854957399454
5524837185492879167
6191588874349472366
5523003798837373943
5112305591120192713
2065558671707077833
5315886874509733730
7622932712718452685
1986054275636641589
8713582981397760037
1419715265280475861
134603081045221448
4204316263020334561
1624227058362427836
7625168488221171455
9002699824951278101
657058998106764436
5270013324461259160
3223981194689283798
7497074265736105768
3777614860849601454
6260665133086938726
3686349735452510532
9026673251429358102
2305114841708608460
7213711416399084808
7429011025288980709
4156730922516920309
5666852460055035744
1724525253827816812
8521725948210416109
4547609903653268710
1976094394407619095
6176423072313941884
6438685098010847479
2500818121973419040
2184938268893090792
4687347992768599040
7354352012672037080
6429825521862133517
6157001601679097066
7598637319761545478
21710940499337402
6361542845833532496
7519184957197565688
7351407666017331702
6002039576127298704
1674654080260399813
2147040297343609311
2422185073812240514
4538028984615112798
8487991924167203664
5682545754102257028
450941014675244827
5768774458893704956
4656115274682035236
6096189877572311571
5630992532586372347
6760248810272791781
1225551675043334149
2760637812769093359
7450664435826745202
2698514735868831958
1951240041671238090
6215711245120577699
7606162554490887728
3446619088002665881
4984999329450119452
7055868359098813551
1887707219486698898
7281617521798371578
3107329536683782400
7489399249961001816
3621159129329210950
5912479390323202860
5453090867193738186
4599775663341880751
8830198476245621537
6974123635895594206
3528113428803951786
1799489093246038436
1144811163937555827
1030529251790678136
7252748788709194330
429723531011738746
3671069205147611967
2783588004864947141
5092158715515864389
2463077054152598191
9083902868439815527
431063856612389476
8556387154776766662
9144102826720808424
7407780485400932326
7447963194300571286
9123592647783547634
5611693588810683574
3558189004045820507
399562494094274368
3932605432480146531
3709274597576671006
1950310617672656447
5743097277123854096
3586586593152897031
1002094089465025220
6085997672900064567
3634678226193682661
566364161842920106
6609028636957828204
6576336065123976630
5067619578860609480
4620144490077067788
8581274162282412399
4867120890921988724
1476451772197439421
1484625829880919416
3874847842050147750
448042049399279962
2839117285559806794
8505725448243405950
266799492359643686
2432245047544355052
3722921800327220080
1127772243597187835
1544303236887524382
1156734439137395825
737155459057594958
5759036333399920234
3934864245968323572
7694258273630370449
6807921426732151138
3630681602577430261
5997204994593266764
8582334294817567364
1528261864523480044
5779720168577652748
8135283238580698360
3617664875262253293
3690607604679272499
1135208038002576652
1033131497298339149
6662921593971920006
1864808130756689494
2421767889533703119
4285241327432851738
6074544082455986188
1302493735133765700
411464256586827580
8951894790764628038
8612795061876521236
5231610863946004592
7916334945744135141
1884558003034832097
2146268838515517199
1371568759627273449
4481051274814173345
4069971511817861865
3002317151436266974
9119588646117640578
1704047545725381344
1821669502787125830
4159843512445653525
1583524844066196310
7085592434189318284
8738797329761101322
3440085765645381956
4185668969182817346
6456250909689845751
4752225651192581563
7919948462935057128
1443451458146496439
3393767811558001645
4172989024593819834
3762773704855603368
5943118987930573854
2571082880742303979
2295334000869243442
5995996196992599954
5369656785752406592
6713374850892065678
134000331265263661
8848152924779869421
2044858431242628991
1382345004311211750
9035708012588188743
3968681042774796533
4957642739605165500
5936524805527119033
5222431410023513372
6209292476942618727
9201531536689984120
1184941598206010261
3124812235525960445
5493172448851343811
6507452420929129549
2893104975439432214
8264429679160235069
5299912653357773221
8192910867332407462
1496719077625730849
5613714470942426568
2579486378644480392
3146611143197620904
4292364785621881605
3986647636866731519
3509569640845589189
1704354286421563234
4353174975671248438
6305795999514827768
4367392814125521454
1563533947326360764
7292483246513396440
1112239279730563404
4547348090380964393
2024991317771208380
676515401691399494
7860745266074086474
1836370932317158177
6455490199517548985
1620814630864127644
4372986380556445453
3203197841359791786
4640365204610461052
2731049127701358845
8540391758431042314
4689693635385034626
2909602718407913161
1352429130286944795
410080886479240774
4090902948314258624
6253714080211864646
3930858517315515289
6151661656257953616
7395747160917947386
7997964373928649402
238779305446675225
3090371789200874203
5692681060838224475
6458496437573094078
7107632340338066673
52672877969658706
6449808964725693965
5901848620779581329
4725348072923521061
7097605403921901046
6068033589092291643
2286342574688261245
4493877941701853281
4400695465126427837
8421945214297114353
6685256885772852178
2363375769699597562
8309046126429556417
8271164376463472320
5679043389326036032
1894817026352982517
6359948424391328595
4022402777505311482
5600363903233126300
1620882359269385890
6083555568828696455
4624731491251882772
5019223185674841778
8900918436375900804
155840254418426692
209865646297031973
8619942605068963114
276172474455136151
1530953567739550896
8150481640076875474
8665036479604064221
6974136348730827863
1857741457795367962
5656773402042114910
6648039575033317936
464266592348018485
2397111908463881683
7277900049361618863
5485449901413622414
5723478310632492392
8393355429824450805
5557273280410575800
7367312785314412568
6900529169027255366
5213846474288675114
21874749219512627
3914911961762456694
3726268587305788439
7080779076858977087
4766015887040178282
6351706355156784367
9054876128971882651
5474050547530332619
3525494590229119250
7193564733783485645
3542985593349649414
2403468030960448384
753956319935341451
1825023136791274380
7360567953078601
8863088875175729583
5367173066177812556
3569782872078179406
780677090525403940
4770628694196992667
34578605790677085
2882132898044070263
840575460071763351
4771963327039231856
938381084057995125
354617037061260096
6283683777149351933
152929753186747392
8877021217053215359
4729677374964897654
681556008825208586
3264595367916464077
5475514243259280582
7923929520874148556
7979662827856255402
7456485472325509232
2640459545800475450
2507137644095598329
6708508444489945071
792889326473435930
8335777536143062510
2553257599135012447
6273720684224964180
2098604265890406624
7625409733921445587
2197823803468989358
1207342434921128124
3825719558863231144
3659772884734243935
1224668352686842105
8312710865502501860
6156834980939868513
8683498077488299885
8367229240820752748
3409117198147077994
8927775188704184077
7721652906884795276
7163329732373833090
7452829162907273013
4450498302911671363
8269271118475754910
2981386118108722818
1052399760466419303
4744093431488434597
4474666713682939336
3054797810833893200
3104146281165690217
1860955007416490544
8961562849192797952
196776718795624660
6832672654109208691
2209744074332383805
6265602465392838043
8089765213775874669
6596648055235519246
150588871272774328
4389250418736624026
4109573773793674160
8382683988302398043
443880702671924729
1549007771320081638
8917472848589641063
2878883612871545100
5668481277428129922
485713103376902045
1343433888710944350
7854171132061323306
2399916830371943091
3119525431134041287
8414013962048162462
3271794063537757565
2111476744282742628
6367295660009197956
2949212154984600871
4344525413869144978
74453513858117072
3638378335262495440
602101078343827757
6995270825193975475
3543625837069250720
3971278519784619366
4206388096878117311
8909441003042617709
6810426036455981819
5010471364155929030
5015894976444972909
1930435246853725195
5823787485542304225
9120940185435895224
4000465369532264980
3020651354771031724
4741909940190340468
9062095742616493559
6202157255191984040
2656713835990643962
3376178052778844367
1015666858072515234
4273490840683763655
2469114297780047343
109484690890553723
2043599279687442954
5324351544838951310
4715441191242240217
2732606636724419715
2678481795585934373
8994002616510275151
7199596626654491424
7246024507597535633
6171595394615028544
6575300581943066482
9016146187055029116
3112507009865928546
8545360687268521792
7951527940398309115
5606926337500983523
9192355143000844613
2619901111316063107
4945905538185560884
889216767407616283
2445946661129521548
9167027765709542715
5997519932181669356
2042673520555870972
2585070860389378541
3952397741194841518
8964402490194715697
4249426077420582757
1663606621691209539
3060145389916975904
8917960520846861940
219343312121442985
9082372140133976696
167696059182783545
4945968527691019117
6355141360465754421
8105662375017617211
7127918644150791309
4958437545124986321
5290238498535753261
5979634811178771492
7006172209783278550
531425083114221217
6280495461465940752
114711022550295584
3842370068942749367
1088035819587346548
841853982439325758
5966520726222489841
7101084636998096595
873614941626531482
5686409804592037278
7547525532429207655
8721055318891389302
8072336043955885506
446040201193380976
2894176740556700694
3949738829400508940
73356190268714462
5095951213610455502
919135226596714573
6974785806272861900
3446647244996673252
7711954991338330486
4097028313724033209
4044674328138059369
5372992284394848763
5349037913522882695
1404061537831225077
1874253263688080556
8187273689192105235
3874651850998455484
6578763289071612168
1784808084014977424
554334806728221113
536537937115175781
9070421583953670979
7471034924626860572
3879941284403442379
1404449013328787821
8592957114819071017
5358218970681833935
4123051176760148029
4595994713503915118
8821017039797068583
8583800650571140317
6549964974567595981
55440270062084215
5214076482059318216
8734010871899927580
1731634869296063390
682096396857580780
358016976675159821
5633110823625804688
8110571618078842751
833971104929460413
9181926125509982866
8048935354125373195
4597435116914139089
3167179724479793134
9084074348450077572
8751392596959055487
2210918237724630531
6400963514286833064
6531783922160685593
8543204242321715863
2575197075901412033
7917337234425409262
7299067336983913524
8250014955161568918
6908794080856312887
3300241787095801807
946741155528837462
1011130234436301559
3119245965298405505
8382432492526268242
1194938655785450972
2833712548016000111
973125309017854714
4663912066946939594
406224810434995813
8946710626962236228
6777337640324024255
2598473078081450412
4467166570478372423
5389456177026880502
17855421091063318
8394585437057767337
5382032534935390937
3211354563949816672
5347104616703932983
3312345013086882629
170064868079828697
4387734145381259785
4753720164996261552
8402748710628159397
7656134333971149927
1455833239434829484
123095730365511087
97712326008138843
7487719158603224104
1943624190643887972
386348763578804491
8046088347360300968
978399676439252414
1231630280332781816
181544712445368422
4386641355243824293
934723816519630877
849251390166151188
1203046651181576363
3608779021605985061
5901972390663442271
4154700490536822413
8285687873944718255
6494272155438779355
4973103310129345361
4727922750489359990
1488032979451105859
748015905157911049
8910842043650698150
8504002889363436136
260327442800424854
3097596502785418738
8399440270133843433
2392381546463601404
2061301811285048241
7872636217169062702
4358238804507896415
2687524884494477194
2842526564021809447
7191887387431546768
4404571664128968800
1315792145395074168
381961031614646212
6877348888344538768
2125467379513377479
378352350633303836
5955317286154835705
8344960731172843818
5092650581628524082
169517866980986347
7487047969996291019
3367107691581629262
7310283919760198248
3663777160120440516
7251056666050420997
4348562559548115675
7674115388089954031
8945237246911034133
2547258266129240682
582235283357594877
2263537849235556308
6428629492052361105
972576311650455528
531352937123845472
2428240190273127991
7291472444451563509
5044036706616081469
6463817618049905142
2827183270046416646
2966743455581973849
343124326837668796
7098296601117733625
9143735420271824733
4567837745354995759
1577950392808467140
5078666192520366311
610264892131649909
4271580978625953366
2234310971572836379
3826211185028368253
439077775440916993
8659679270948626487
8002501116131799689
8871166284201262196
4903275824443252585
3333206756076059731
8458005860565703726
7302991410018742411
3689857144588284322
850475284610302932
5716756707858621703
1976975774669397296
9059661393930790900
2521033603970371461
6249420954546197090
985560365056101937
7127940073444425388
456078269624863203
8968068753847080619
6705297506962536230
4720408107717985069
6265564176021921984
2384610085140008289
6665046003838018585
8834197727820815429
4242029425386812702
7882791758745827770
7620978613740854506
5294331090596333954
6440559960228445698
7196078232631094344
8079043155216104746
6635780707383833900
6250363399173653662
851229392755366835
8380200168820781358
3619635003983331964
6653044075180691698
7215845622477258179
5763261940497472109
4156243975052744181
1342291183894069466
6504950965974136907
7698901712740386562
3996624181610713494
5980812422310314691
324750915971372863
8010365193021586591
5601766781744835677
6964642859788255238
3737454530415052029
5458442296418659886
4896646097046872691
1583677125618084178
558260022078615746
2990517841743060058
3076606146425298887
8662012791769702948
6354716525003732707
3572390233637978655
3868252396289085774
3840367276941799622
1350424043487287714
872297545028072639
2410954862007090612
3749777594399942652
4985751361068922513
7234258849215067200
6916410938242817260
2496618343427056484
3011080851010148516
4466838741019426802
1950805327457398686
3553574405651212245
8463290596161436882
5094509502909759525
837061321720300542
8543080565459426839
7777633503459879001
8045932009770514901
6819941391545176519
7374489819580751204
3272229211436150679
3798179187746337937
1386282343945741179
5345016584479052291
204987619510376708
2378491784158596167
7579431875723063353
6101165862727668660
226047413612922836
5718504713691847289
4689057928986472639
5389475123555736306
8828552110052557033
2820934897248354007
2608512827848033398
8486069053253493555
3291158795591114446
8594293381554508
3249730119346661487
2763332761384242770
6374260769207209304
5203678491763539158
341604183186723898
1297156365263474221
7979580405257969190
672279706526777038
4909686683705364882
3323193818990109523
1462560673964266550
6219800067516898638
8191708684651367700
4773354343989015775
6865869487052389051
7604454679268950181
3464151381041001052
5303403965596479664
7133594130864086525
5924360230772374240
2476445794325007259
3695519668761950130
4184162167530236957
5212812964890034613
321177615618687989
8758969222282530909
9166072946353982761
2091570377550675016
5081448077728094243
5103436970979316326
7078999737682502219
294780346831807829
8088521599791089928
8612185066526094311
7312867965818095333
4600415316262682113
8521022495001800636
3253899866398648294
2443447053574975782
2300619707005554904
7630895689887659832
6760150467095569259
4274791908788003655
7975400456141886788
3745011775293320031
2399257705104788121
8043691937586633591
5185163925298509414
5922500881074873672
4103116391130002120
5702138993205815742
5345762140317057663
3689688387022647267
1381188646039299574
2546704063697575442
209846158035418581
2923360935602388309
490447931494523742
1490029999965284932
8766932072893213397
4490430618829751079
4025757020453011573
2202849375860450271
5921959932077609413
112079982682315064
452533009925908540
4880277556511840653
1791931626516789355
2210521983676091802
7462845556427987125
4592480883445487781
6969795249311246812
2214544359605350139
3900800557260692542
4077133560647711098
6604770627006835674
5332120498786721230
8121280180990215785
1639149161769907925
8811544880396085523
6418334818451490638
1773516723311559762
6772947626086362866
8586006246509650799
5877067928012195101
1670724510874563028
3072191151875752849
2164366750501505947
7961872026515088971
3970599838172688229
4406414848525913028
8779222401003061229
5438117936874929698
2872922597324796122
1110934299646734530
7818185145592206916
7048600887387417666
7894301050678447722
6584038306811888940
8566365298243612042
2038462719426156747
9127973684211355863
1668520984697990032
1850208027036580615
113328543086499026
7544926682098695935
4677575616756729573
8390432720838899552
1588112153591420453
6286119340494362879
5919030339732662509
4656949844637252303
2487655824584776581
6109584496604834081
4322729660409347003
7287031061185908786
6792750096596535715
749691199073277114
7803304051281776145
7619573107150987755
7436209342303086330
1859511894560706250
8896894642160198639
2749698651884311654
8280490387464349137
5456403957678998700
3228429215233508501
7173500974103625306
1052104750737827554
7387460700638631701
6586683516985207405
5974554425790409796
7525325937824547936
2061760561583861811
2962597714654823083
1671047427701576535
4094352077709889771
1299683713443036624
6820434895744889110
4161280031403971184
6364376108045601538
9069029501457444340
3679295011830217975
652029084348870230
1120211490814950006
1056726688619781982
836173121485414079
2270337302843342943
3337830502483827908
78313045120320128
1286214704591914194
2851135958178212663
4124682932046030385
2999891155845315301
5547415707906290861
7658945753121169450
7804668677646922842
2464332638254047839
5044558732944963731
4420510339063909827
6863853135310195763
6403415152163331458
5706146091581615661
3152920222484600163
3911886913623976808
3275193007697825944
2879822989687226160
3146705480330052837
708620237955030351
2643458168256253492
8230744491088492846
6113009434921145227
8311528756250382357
7428455162398234095
5184194990563410622
3851873030160455311
5369446914772972921
62988655600865872
7219944419855828120
8429720481499314113
165780334202871098
2781441398406398246
441268746615336086
7351034854797333827
5919892515179019355
3551928096840799657
2047157026271029281
958434740775073144
9139392631052047711
9068940358102779600
326460733373750288
7145425268275766452
6043824167126300037
3256757998449638682
7958386275466095158
1258040905526331145
8391586276977866594
5930019082610484725
380053516099479898
1346629206733332133
2319755527896300444
5916120797155803942
1759232783320055467
8257908801570909960
5953545537087095018
6366950692903561080
8703987263442122179
2818346023350407990
8820259419763337340
8901909114368051095
1123770500681927399
525897115390366186
4573069168363952843
444442826281500636
2588111584896107069
8116473389911667656
1473095996003999232
8278305135295650808
6769813935237314644
2460269281205093623
539602628312107329
378249151911286875
2594212320916771009
6201149363489095051
6392263907496030129
350459488393102625
9015535162172935251
827745382266524775
8853360820391003320
5830064911391199008
3861627699411911153
3411656801939789456
2227255737073158046
3958248675177425753
7001112877308868347
8070047826829386938
8812981604618362355
7055056367831748053
8292820577617783574
7105003766503052944
6511349026458758423
6852511333272548444
1031059289285585119
8777102868187739754
542294988204341367
385407808422579277
2880832605051536722
4590986701184174068
2759270879099124975
6284044520484283435
2287231511558263871
1079436673506263480
3060711698212337418
3347603207759590059
6685663043723087080
4464823204689911052
8576857417152769928
181103054710831889
7267474858390077362
76851189875431275
7164395513295411790
4650164525365950522
6665003188570635430
6487930975213961917
1786060527807942050
7372905786759327312
294154453529130900
8792518246802325143
3736059361157012514
704817991469530518
7789091898597763963
6774326388547342201
5863428259140987899
3702944639396870860
23195647668372478
5507091912096423036
8296353596392798012
8362081512751098405
4586167222739456782
3433561366038190931
9119701826698888829
2759707407355487607
1805767949398169777
4454569895758895391
5300239212942665105
1811483143397342456
660454809059147162
8338977513579019576
14749327556863751
8341784225915848464
5947005250453823081
8867794163803572741
4818502888218401964
3027055325607350151
4277679287458431459
1286622835036374805
539992441846953885
1900582620335202122
2428841688276632505
4728666603631992199
2939420003928144044
5522280875361656161
6819732361965321846
558536117445366936
4521150314663936329
1095030871166914616
7534429406391199199
2975164772222273106
2812194441812990443
8545036889503303410
4769412992324453509
7494960448686633988
2913992869759162656
6377956702411433243
5728333015132845835
5837105758192244827
2244450221131052154
92806402141328471
5649018529238068725
9114753617119857290
5684840405035239525
3769906327076809437
7142337644059202262
2181620489892535495
8737875143416985331
5262468541562021673
1022812761494996990
4962410223892494734
7453710333011935055
1220755293418691534
7072872528944044724
7484316326491159169
8444968320518047923
3915361806399729310
3038624199054391354
6899098968681106126
7649297734781507990
8316814840684065094
3054648939078757906
6814245235937931302
3666627784542232739
1368147915691237142
6625479228740856421
5721593036140674432
7962458445842847856
887569064979277639
5971647176750000784
7274378556577104341
7981344685622830951
245472832079382599
588312128487105507
4978718781190264437
5477815551103728541
987011340451609318
8313809408428817204
2686053877946019615
9101331337080997825
3848268127484057277
7055997320538975195
8048250762364119072
9186764755894608574
6665520294644202657
1140070495827742221
7337837162533194848
6110203804210192908
5912612190595982040
7070006148851775621
2047716922718275086
3519393573933644959
2734802366465157278
6963074553717024218
6318064245609848661
1861242587585941837
1984616972556075890
5156121474559806634
4501542828179242719
2512668544228946304
5095096262873627000
5239442072432195865
5508324494506242004
5419365219975432006
7837975397850739734
5643628397294681007
3629699950016155684
9018833880472177827
2749585059149521731
2971203673528820315
3904583933882477922
2306898339774803620
3149092466991182749
7567108593243565683
7959549573275866726
3296660214879704938
1675960078436579630
241314679303292332
2103105602908893002
4011777257832919540
4246773877384960061
7471773076462095129
8679644527089188215
4524406682488967312
7573852149013666081
5744232085101578908
3555762373674077090
8820767503692607284
1243616247801146016
4211326724027869492
8933668833959737145
4194873462744873601
907167675427930124
813815831252932356
2777303136872684376
458409936258748677
89920807322575394
9196409522448445016
8998029054667356542
8637077953857142191
5321049889384088153
9207685666511102572
3366266962011294475
5768253046099423613
6462691762199963515
6488630896677535568
6867151969674881608
8998907980156756764
4183183603276515966
7878222188482404830
5083808479328266979
3371816584531119981
657433134992248967
8637169630742465141
2850008972381903404
3591233617148612916
8434509375614135894
2637805960835601918
5566175566970534038
4019333560832064382
4814376923316642838
178975357217445504
8861696108015304652
2972112488842896783
7282804879710801581
1105009734095323429
7396982493214864967
4394546407434947008
1950176863736558671
3528992348567814482
1608904955539315288
7729668727604016562
6450632172350894888
5302893587177165079
6096369116630316042
7408738485448146959
448827516291805423
7691496468841238938
4788624052533615788
290449925174790410
1228667990187937194
843381257542833868
6379540862622081235
6009538901463663595
3594214066750062673
3791345362805473529
2707300266630383996
8922811931666396715
6616649965053826888
9116017106060462797
2192237561985996419
438227810881705738
431150506242338339
3169959059665952817
4290811067547821932
6753028389378019472
8300044630125575503
5939741869689616802
8043144984750461652
5929945043848260131
6514894675577484672
3906598835423134788
381810478045072823
8553507901606634299
819324448416673389
2391395095868940880
8596240751652337793
6813495124996152760
1448253795243656790
552904345170322807
5862963643005351366
2104134206376262569
6846121109292616885
3891811098826520852
3564997996327506947
4509361959785199367
3068716994057505993
8015028132963353747
262575638556171242
3488434408193889240
4449325787593123333
9003006768931378004
2206952692681920373
7951512296053151554
4560682315438877754
9095773529174041580
6683351344257082941
1435579770673405281
8373057170191263168
1499270897166606795
1035850554513426233
3088496585640375586
7593060442355922622
7050905888708090699
7366889988389049853
1824397019920288927
5133425121321296827
1838609973090302307
4381642976695112169
348077150416523024
3548886506790754121
1887851725529793302
86107166229446518
4755367759917014370
7954695643968360240
5409589181238609469
2034338794399009129
2665845334297956324
4046821170257895248
6885749977359758157
3278762110145838251
8391642285997619586
1922928783164576507
6235720388933234303
7118783667122873600
3943351676296428607
3338813501948034062
4893889121440502969
4011144836240218386
3564900284202318886
4822840387068457567
3911626846750409072
5706222314714863775
507849841001386905
7464885142367121295
9091003946765592366
5070322593149660391
7945268522109982968
9212386422718793955
2891070869627364856
3272412009681611893
3710646189411415356
171145336775221306
6328898119291704716
4601957489763927721
7864087814886424636
5809392709976729684
8824045047573392480
8159248915522298113
6005299203194594874
8676159737263428850
4379765482712265269
1954676158782651216
3127190716164203837
2398307795703668864
147715732665520012
4664440077216609112
1080887842054423529
5731094844751077483
321201290165699439
4040687417901914735
8408142360834722461
5488300094096160988
4826340489504162358
3800466385223212545
6609926681169344388
4254264837790995439
3914980393731713082
9087641574710826806
8415314702808079289
8188431856354665177
1235202766181862150
2619699801895780560
9086586565542417807
5610599525133336640
2926841515758417410
1992919297130377628
7462689157542614305
260210717307329767
6079650090453737839
5841389339970758494
7614778446400974360
7821152440353254741
4582874347104949534
7204475405099648589
648771154848616642
2440766911345762439
7639860822851030187
3217064890784341797
5398137712320031090
954131320908231539
218754576717425284
3358630583654056097
1417852037746105326
8606912071321427288
5166234491068009843
4834981554009139798
5812029096504279626
7174573037539012767
777082255904524053
6220204601069300422
4021962486701798296
3270502638566562854
3039563094965331182
2000217087319634278
5903749909046881684
832153433833722837
6580380129292458352
1178881091462181929
7499941780346660054
1393181362254216850
6796346864207222385
1921395706120432167
4515891683383803370
5353137201403982304
852228024123686926
5598426553904314563
264928686769128271
8236849106894077749
4770872901821214208
5320450045063663811
2920236544544067736
5337982122351151167
4479289251237770903
1470115382011384240
6511597091849185745
3384930976571528840
7774691448211852000
2589116529985696671
1058148338426649225
3921786733705665722
1555912028503555952
5669614435089435526
5290385443900728304
1565316402071204673
5684442134349997874
8578899409364574609
715772453064411413
3437266073852615477
4809169611776321208
1361363261180089080
3741072431603574172
8959035849130701671
1752735871048443479
983625386636574455
7291300066409852557
5549777598097235145
8180192419076360305
1350403811873058465
982042949774051754
6871513819784855220
2145559706655947838
7668470219732482417
4865856408426203148
2416683257193811460
6497685874073456876
2982810002012681235
7410557755690593186
5370060136043516386
2187439740084195726
6671690110227836063
5634038872493203073
4040910219449780738
7552135075370459668
4171459748527869978
3753245649646150608
9021998461928546949
7075788017958510003
2498740324845683653
1880748618670494160
6283617841422801918
3339782377525458125
3096378296131628542
5856585855803060363
6316395921612840338
4329412695704979743
2326950097911381116
3668370494147713010
5007954598649216817
6172777409064557206
4559374787529715539
1756668911507976526
6427187437102897749
2793564754708168808
3960870549220616242
6299740486528261832
5455841905507987467
4086952667857353964
3357071446769632269
8493747504516261738
6840144725353703737
3464842124192415984
2955109743512215549
575909321840477512
6819143496969506733
4512138339196060695
2004063701315089763
4579482759355303321
6563487736689794982
391667599841404356
6285353493478026148
3653411660198028748
2428027044922546837
2469677472394462560
4203790169028749017
513546030944602267
3638878924727562869
4425201031931998968
3144471743450996136
6708877621965752764
843789020435462216
6823040615717872520
6239499204163811668
8056596445868407635
2712395564280172826
2260209176475817557
8605289413381012223
7339765456340478170
7690041609672662750
2471823621648242101
9047258705750669397
2860705512209821077
1744334043679200540
8750991954529140378
1139500212364178987
5184503231638265286
1137733370115515591
4013749299154004900
1377353164110506774
499583207725966644
6417718420742209711
4968541810018134274
7788293818132196886
2790518222040957477
3477692638926969667
5836722957887700196
1057570740395113196
7167278855987742466
6474568943339466653
6238943021044410322
5554294388793357024
3414309772883428733
5105377701274418942
4552719985815761507
4256985450950950264
4298320024884102635
8813748804541065259
6621760769888217614
8865718044511256388
1909718388845422842
1818415978169488392
5137842391597687766
8179839380226199663
7264082374099740225
8160472602305728641
7555684910527788109
6602826699754364414
3961574966197741185
8555706920888615235
3091442589207156937
6631404780692233964
6415292339798372351
3272191453620326617
1329149397997179045
6788059715882353080
9123590389223205809
6306327373416662803
3478398287393209584
5949251561887588435
1300167890992631599
1972782109895365096
5775824325460323172
3554794742457594648
5129648463082162544
4687167110935185940
4943926757913482949
1955126386604932784
9091509917890644874
900207519798176303
7533298943931666815
6776808076253545107
9217901954625287923
5043354593207622677
9178256600983894822
4863126301229727342
6724150616779571972
3799568326907147022
1285492780146031354
6274465288716977772
3683102187492766521
1491304223889936581
8414587669848873701
351894046957258650
6449789680865975458
8142185648825377518
3936294745478758130
7515341165076494240
1420044738570712775
1027827055886862059
7444780980406335277
3860646679723673880
7034468584268874135
6017179781801436679
2332383562316766037
1012762177025506254
4647110829493521640
7779925343232028353
2730778347562107755
8438888750189068600
2651362331515182245
1616495220209480625
5891293544797930711
7924103674469578375
8914863232142641008
2052835416382294503
61577960653229271
8597316750026966565
8621240003032323371
6015607402071510572
8578570147707968519
3590050852752315483
1478890001704796175
2788423594008878578
6366795250361861277
7363502227723586666
5382420606045836351
3591368692188595370
4408613941486114613
1742501192136998992
3168634855489050693
1045963412624758972
6203794316692725773
8709388593339613996
1590617406195608687
1646708495068383184
3299816436519080339
2420096657800910889
6924361369498040127
6968598423534878615
4481877789286270588
1079464294283290769
8624994675078819251
2695548950177053391
2901445202404788766
3991746159567743194
806778638167281512
3603764207613569311
6769296085616136306
1997820656611684410
4215281538154340291
4217604462308886215
2733088752745707626
3050630488746345899
5673529097991390335
2599984889455434948
277015811649418466
1474469353478589191
8003768700447966114
1842523374032319495
8795601035822029938
2045603047193849061
8418158093092517420
3539978294289194426
1936526512124814038
5305570432320714019
7677437512436015648
7022578246120251838
387630839296632461
9016047821238848160
3433359444010997151
5495296431979956792
8887530686819938099
7067531529084980057
3938786813174800879
211359862003278269
2858990113674417035
2852303023708688528
7819821451630290555
5471791579197024093
559214795392606826
8341121764146168388
1047045931739780723
3095523336204793728
8357160136910698963
2767924684231538649
7376975048234457617
7280478384899076421
5021564166684518367
8172931858612779758
4666979363245742924
8863929146544611424
22616917310056146
7367338732962215397
7596840526828811377
8303214842162661609
1023288167074245319
4664596088048598641
4579522148627741898
449163678877500639
252960114302539543
6998999410915074670
7893592836555299881
8305595811163610429
7575091292162788367
7233420374092194784
6517592015969176939
382346036274744687
3557281011510847102
8224359545526685676
7039582719669877087
8237678931914837491
8997400343321419041
3671967473318279196
2327258480916598176
1351902584742177357
1558012538564770008
3286289104191053979
4575968690255719548
8639005572686324188
4519152892976138181
8938372360855000711
5838304722459219599
4468033579842357764
9218663443658068554
2607998586091619240
7886124666039605194
8282577344847950399
7643475314724982979
4538719202908977095
4761972900912390697
5358508625223093042
1058877321180549384
4875063551729367951
3723390345895167893
1981470765433507272
1328348565835790273
1308309081737683504
821303148546191856
8929673607643634264
4268382531758853809
2624263648504582287
2000377942138886003
7240460758691067578
2531621597611551038
3539268051905131103
4794967632564839690
1843000125734704513
1733960020281118297
5486786209377968815
864915496629466436
2296001611374390196
3952783447184286021
3328785390403058615
23190974910550481
2062908906252204592
3810537305197235092
8490682024985148353
7031102583688996085
5198001010030726149
7112560975223782235
1561686964769082373
7083032559440433037
6520692053952441221
702437717588746624
8415695777729477793
2724213815155227924
2420783573670667250
9021082866788076175
3640223066045048384
4574578937276420143
3364744472176829651
1529821170838047215
3967094902644451081
3735889345961777137
4682253246952924742
946605721905387653
3880597305069127308
6589691234174578252
7479792927695660216
5114404783805880346
490028954177376284
914953141824361170
906656429090271627
6378624202370714888
5141526177547231286
1247432775512701739
1490129794285822135
6108533630230166040
6468305704850857975
5898853145798086915
8948277066078556975
7047359287000197870
7963985527852584683
3392069558627119432
7928069066557739237
8103524208769211671
601345104100927476
4815012028124512096
1008505295843794166
5967532693462788723
5217031714165369775
8997801767877058921
8986303325554900608
130490451435226378
2008982518554342010
1877310120412568010
1845703511045023914
6836296262918260265
4872007300671807057
8903167187927978993
2756289741183642313
3737343456027230382
5550042280223224821
4215375126269453997
664224864425426674
8675079719102771726
7319164049277998992
2418527270160012164
1596573931566127177
3208522576653303020
3686017793529843332
3262734031228530123
7052117725906817329
1707561432643363947
8180747207891828316
5501090525809260387
2129864505212281253
2009458140804342549
6057311789518005362
3993377400205028924
6862901395963136682
6770585014481819228
6720952928885566447
8021276791665557513
3502645410999885911
5902372929060806530
3032065401176751992
6744642310803841549
7819293526008961137
5847193883960701446
2884044545096088598
8026196232573979323
8784726973566292391
2011341092208821636
1591246463403157280
496894656595606681
1765852435305191453
8972755365967370218
8772720966215316204
7619375760470381682
7108871129183849038
3763075856433461639
112136420217819424
5726166516314186418
1860561398463580643
1422133155808357550
2311322586200877036
4402287033092193931
81027501995737910
5155380993306335646
7694176959517378113
9216011331223057627
5494387251233336825
7146193488033455568
7791134170174248402
6309907696830189522
5587950481203995344
331675852534113251
6092780106918007856
5350260953064073902
6926811278216299914
7507448710732672954
1595270443342266307
7310267907318343176
1039495645989606681
3974907235129124111
8790583291396511782
7395511129223467621
1884258271634885460
7826821529909326798
6434180758094668336
234658640276553187
6118677035582031749
5796932707607568078
6471434392146712324
227023819127056215
4140748856086140144
1529706607377798345
4485839249093769488
4905906371979798162
6543211734442298140
5232844074932770928
6865753875580610942
4833854518968789221
6824239804208698887
5060440696327411203
3806235707229753339
3193154612505286052
5661657453278809545
298136918354795013
6289575680099727165
7382429397176722686
657977227071085470
4010130143137493718
915994305231049840
40457079779053728
3495283618529424446
2940363714032754908
1950322152226873813
3644388395282872098
5570243383277834036
2630540573862213312
4467321525206598654
1821683670663636675
7636156804569142165
3337603269905403313
3643753783263822983
7743312663638855594
8880461768822870925
6211876378595991337
827447952064462574
1230965857189965517
5115824841610665917
1980089057409354567
3034777280020135993
8153478079315616744
6583286439620870258
1077416609211427752
2540986268331946408
5104464070358295803
5034586878076695748
5905347837708624625
36681769402443561
3739480799656924875
76015624597688603
2934944737216568271
8069510793622202797
1051408420217294057
1285461019399367689
6059512864558703307
4371497308786704237
700788758695623442
3547999114237991218
6058960606850995583
1288964400762084389
6515299760936787100
1673658192509164445
6603416208760504221
1575931089090089596
6716953565481066570
7176919367960187121
3822383149124194420
8648573778387441988
8708301935213096057
6095609147814482965
6706812584485467962
5327025362971613173
8780454738156427401
5302002209379594282
2060403730611868836
2439527748307687439
3619548275387490356
7777873829552591232
8892133265529213667
6161901241616150216
4096224941503109841
5228096708047901837
2372397462497535725
9038955279924216612
6176350506612190331
2207096336984690172
262146148994369003
648922715661370879
8150435698233415018
6702993135530892349
4241226089858099083
1004678842266186096
8330140016658307017
7303908724228813834
7183879196825747955
7893976980563534749
9212565971435150485
8821289562511478209
6157400381938042239
311691868440002633
3261375702918203549
5374569814608988145
3046960379011623387
6422342193476697402
1911720484926808957
1129025785973092503
8197214178991917794
4410253021249012945
2546032267291665941
6689549376547828416
2564174985814315788
4171787494940500297
7067940345809459061
116565749833147181
7070124274485361577
1123672493022992723
5042139864122907831
1601188074911678305
5293116988775587173
1752595148834363194
1068229896667382574
4333594508042944568
1653269326686804428
2526025017400127191
7596198110991790868
3182777162242740714
6391606371551924444
2160094462999825896
5386151998947226206
307423956331617057
1727234073032426523
932935674641032188
4541260616673650793
2347174698841283089
2417911235576659503
4822274754092965525
2193824925068350656
1030860657268109556
1791816842638566929
549708589277484280
8828043237100094407
1467784349225688565
1860535934284870587
2492961569608922668
2393815926442568448
547945386675094629
296613337251554419
6769378249465250622
8486852665002745981
293193742676379483
835900999246092163
6198845430113547941
7318705826291030889
2690712902244638807
394239786018356948
3563754513868561848
5663711602871385516
4333182988967165367
4520566245731725701
2611272892034807697
2705427801535127240
8263895837394659928
2268526344415583758
4312039399919257077
4020523903647839246
858237586379126556
8342240212847085623
3291667517141986225
4147988170690907477
1919912939455495911
5740523643734976754
8655943632873237052
646191104831794686
7891357039329441652
794320783780386764
5110771096357436836
1811009683769088380
6524240712734849462
2477927552653861621
4297801349978861699
7102764406558084983
4845022676990361599
579244313715404774
3807663656381319888
7322976334804414884
4568545941731751786
5971301670377711781
4267894323387970148
5970421721955751751
955749157716363229
5300233793766411382
3832374120637972079
3104672725799071216
195453416580730103
2148911187245138225
5667043556649699350
991452239082671032
4045698478677925576
4867831569133528770
8797510154282664183
6322913901632263353
4129128471973370039
9156660120166925028
331128621362143948
4885859372511558286
2206240585364752771
6388926561012980670
5131334282860855583
5559088533449578450
882569980774652250
3795442008478146950
4090923762679486220
5478731677373175049
4249371486279520585
5216721425399632018
2930570844862975035
1500585764860454560
6300524470249636315
4212592013206411502
723817413783270170
6913177960181861601
6079471056278924026
4568651756924189755
9004075755909128204
850709644316304571
5009643731123948019
8840809003604797578
8853997696137634939
7580973554542604622
5599661709551952501
5456886686461606962
4954316772981680300
4691754910647773375
6467381040380469104
2555173166836747896
7731224594711279487
2366177415852647641
7774018666483589401
8877929037242964254
7171565895370389220
8751699255166136858
6951089780763775780
1779710838945391280
3274359127183011408
1667926250463778623
1055186955261633615
5468312749241494600
3580616505463511347
4242695517541292652
8135384301870432379
7531217505037273378
3386121193916002297
2566843585602859205
5116035385622177966
1741998605098928092
9105478229084306729
6087428341485945046
2960941539414205224
1239524455024362698
1028330978505274925
5156742069243844658
7343818974492703887
5510056763589829281
7788682682801961756
5153865727286538846
8165350360355390353
2403002698992165468
6039715727599025701
4998267241656672486
8142033485659416395
7326042833752014268
4394654775102475686
6303069427054909125
5797562068213821092
4220990524321602256
991095199774749561
8323649576868956252
2037264710747052340
8859466744744383625
2023681403591652710
1021474561694981929
7573338801353756239
7254119087832263216
5226296539269859654
636519171631714566
145539438951594200
5881479302768081843
2565554646257188517
8502780161752716486
3112415051820724139
1041977321863152261
6567201113152392899
2174195276351889276
667311377535703429
7398760072401397647
8523426836704774918
5323974038365212068
2157847358925368395
4663931142776440653
493914803343264109
1333418792573217209
8607680794594742172
4825349263819413867
4079642400691767664
2244317490285613245
4319189940705069379
3254623538458917007
7858850473486025395
5402114929081696480
1152296698454787302
2060141479681849714
3974640604446331621
5016778744955300370
2593743485272999727
4657671864407869378
7257929697116568372
4611865638622413788
1535825006305927820
237557953300907004
8663140814332850522
320925576940231890
4143262273936959760
8711595815740054784
3059394364201245414
266649857672211626
940634437638763347
8739173739919482502
8354979978125347938
3140921202951667778
2630386507207500913
4216105978844060506
5933088644098582334
3372000088125688175
8468952238353993018
6669491208112847253
8814789816159120404
1719402524775302948
6130471338911698889
4590081938397824375
8384745390959869834
7007074261800954051
1065274251480039837
7216446134494171705
2279345193255694172
6409219125431523401
1383317802886506616
8205666495725555745
9099572385023665695
7035723168026114095
216651708855321761
3529419221476534735
1698304509952653340
5066436198055359670
2913894401437149965
2344620532956316486
6245487418177403687
4626080288789021083
7784823791176857332
1990555113213801242
2720509766991304499
289038276973022073
5373893442070948500
225379339039838834
4030816309584807091
8273457460034091970
3984100756726839904
4377618871223328216
5923568541308152434
3434494175015452476
3461614076677564450
4863587682828391577
2199177450776482347
4602517443210135481
2004519975490627038
2386698644765722582
6565634609938801479
5355806271566714282
773760167655156539
7647367020400757492
4331654726399405883
7955154793464641231
4206290962611413495
3732640571832379010
2081174419063352132
1207670884126472517
3090994135930163460
4034447726048379406
4386879777544711351
8959223485826137003
2554508819000527031
6715960271678646113
3276545048833640861
7088014553500919856
6724781854155983919
5716900814076951938
1345016123635980587
7876173328773026235
7156387019945563732
4675737449180128913
7382615700227526149
3325606689411567248
2924500851325789824
5637327961914408620
632415020039856724
8306746822400166536
1821961896036369665
6174170315005066705
392146770239299611
4328379146815859889
3456231868432357211
954768829882740020
2993588692996906351
3854672513840801601
2108756901445388410
4835901590890040786
2201069661244454119
6573519882148235081
4230788371301270997
3967424508924363341
3681202295182092573
368226698141688674
7823688062326045286
553692628294455833
5046420509771952064
5979413128938453819
2178062824599648596
500359468796858444
892382223200908792
6062774468605305531
6430602914637352086
8999362718421293176
4345622810091733480
6098880506764299337
546788235967400986
6622335227895819172
1085100234029836652
3590147899740387332
5867623378756347513
8113208424007281507
675894705676332265
6471285465904743636
7894845890192861213
7003679549737417761
5693217494325297058
2958428337347751748
6706482756428066899
3707420562984532570
2599255264489046506
4936306753942821961
5422561984693902576
4611550423668249624
6267126529344258805
1671598409585316524
1207417856483152780
5751240144442170222
4353677261127942169
9202426582172683932
5756208843605512089
463030053667408908
6849217096391578232
6043775752183763190
1854845773328680042
5687183087546263450
1776170494580752480
1923360906888919764
563530720393428804
7846372341302666643
5748245586033192160
2161943485774134225
4942095909322889236
1597345061092574669
1705557628849305714
503487018846293152
5434448297663933921
1419844928799559446
4926330496355235755
714442458408070076
2478884131164103609
6792191005976420775
5226542008063299740
2468409954878346064
5809818000583484890
6931245803524770433
3419291511836730402
4191594052684829946
8302424902889061048
6376767473576557609
3138903094449817548
1815898629335617936
6807623858939756481
5451786848832543407
2590967639861507647
2707609383493155222
6171026335859990403
1379722554292041194
8042891254010153676
2369223082208445219
8100011988084309249
7734676829398234188
8533657968266780922
5812167220741844370
8351547703727226643
356127481476091400
7296027722532821087
7145778830947279731
2923312599188779938
3466444194912703195
5513996709524836617
4283725871969977092
5751950029278643421
3470881039520071840
3729270215532234137
4082599530556727371
6815109446969166864
8014706322118536615
5362638141509318118
4954322451459590153
6788001026749232061
3494168984942912294
7837062891557066621
2367096446029327658
3493476918252238843
9170062537648432168
451093909053871589
6470942605611418877
6012110466360807304
1766239966175631863
2329248735275581189
8966494309995439358
7844745346767647097
3682356557235978710
1197312312515892807
9126364628145199825
2654894175936813320
7379529284796332492
8090391723374860574
702709425280706708
6036295891562600667
3288790606051152246
8525592666350748107
1132801847086868175
3103815238154583734
2595230559534888493
6862487803178630302
2411286527599432875
7351674843999882594
7448754607761003246
3476557510485352065
7419716075069742306
5838875371925851886
3785441780406970143
6652734182070638684
8841355227194849885
5979637656139846143
4653264936595281966
4292328900692982766
6641935432240523666
6293393219868146447
6612027747653674982
161382803212932335
2804071795957481787
6833326709201333195
8780503614393800236
8602827257592404188
4807542408254754720
3776851173436751692
8932542209484182887
4399426978829073332
4100742147377054808
169358749791330603
7786635898889528271
