986526599303243796
7907429615184476702
8834221052689968640
5271895021172316373
3520152334074589584
145553048910587372
3889048271807527666
3903497771333152017
4451640765190074195
5122471516800429969
4253494231756267710
1412833396483289967
5095920294974407334
1801968352574925008
797849824461427961
3758629160143792024
4342591443549519952
6688373538823726286
8102896639590164310
2763771443002454938
815759697860092253
6027792519382071624
3038487125273860750
155891442305982862
3728920014299999147
6225434844616608184
3987967128437693874
4437904349215695658
3749861785935081358
1585175938292297261
8471541180730859090
5797778241033860714
407432199003011595
4235233487409876802
6883751065854910567
2478326776342385151
3746955231880923090
8163868760872948219
7690448252414138846
8514825915960114202
51277270730749079
4924205362157184871
3119202473452463111
8116330563972491538
5000780624277203077
8683263816500591977
3995850894993852444
6362299266116229181
1641620409981951543
1860858369633032565
3500867154823494855
3223090624572954673
919687626548972007
3492800060896825382
3645280714894717551
7845910849335571286
6301754037827693718
7677430936123983762
7739520501689233354
1711867373062403154
6342231508299195937
6022945445367499238
3288605749612738512
1391704934494747764
2924117606521157926
4749268751694441257
2243686406351777480
3765352365688610866
5640842792088595715
9104547787357105268
2436035372813060359
1358732716156571011
1152264300637466350
1274670514556188455
658578236649242768
2815477498915373115
5821290780351249284
8549360364217348519
4260690689284537219
4517138829539405564
7934821185157099816
952998822468126192
3887100424881940119
148511740963958282
4892395903846159708
3296947950135632955
4500018804245179406
5051285068303974902
2091784525683311169
2270355298735820588
8504514387710919721
4003178871746223537
8823284433991304691
404884139321347697
203763097906136613
5997145882932081989
3336713446891455919
901100883172487582
4219649411984023563
8371614832473467728
5888777750162526998
2597884070633623755
3423432459974190331
7665619815025824209
5466473570747174635
7220421353733740344
7020947713552105507
6458338328174415393
499551067890330703
8438465264693894277
1766608193349399483
3220568361279513048
5060300993348737097
6283595680228639890
5821997469034874211
8505742752782770933
898915671243016132
5254796485709717037
1500905539244934805
2471423399811037371
4179030782746264280
4827351927626162326
1173182072293068528
3677047351719793402
8012074314938952493
3836219417962849458
6139362144084471554
280433502508241406
7402428187836818242
2758374662246829266
1175068320649897454
1328526297787824295
2946720606090320983
6368526003346262404
3289464383297301189
127756227829116654
4668190674113290532
5759650681577122884
6857152475560413510
4152666830030051784
3295208820533079823
4624971632464961208
1270118571849274157
8236809753379099316
6383440132572369354
2958379598687745132
5631643722561441725
8191019262367459531
6195923233152214585
1743802854957399454
5270013324461259160
5666852460055035744
1976094394407619095
6438685098010847479
4656115274682035236
2783588004864947141
5092158715515864389
3634678226193682661
448042049399279962
3617664875262253293
6662921593971920006
2421767889533703119
1302493735133765700
3440085765645381956
7919948462935057128
3393767811558001645
5369656785752406592
1382345004311211750
5613714470942426568
2024991317771208380
8540391758431042314
6253714080211864646
3090371789200874203
8421945214297114353
6359948424391328595
1620882359269385890
6083555568828696455
1530953567739550896
9054876128971882651
7721652906884795276
4450498302911671363
3271794063537757565
