4809199873603051832
2755826834728977117
7297975987043621075
648366025103543147
6036702271554996651
2977647695708925451
1185866819236804900
4231218365150823354
3960907002382951965
8540143098039750117
9744235290042145
9126769091011482639
3297723970868032563
6409428945065879455
9169947687770604431
5222694784642855652
4169100327623110203
573387956560107988
4332402883204410033
3086311932345215101
2535130139898466601
2832160123582243139
1735122373186537133
3025555463609862007
9174325596310527640
4915756862112632631
4999483345474145835
2464208871648335491
79189666231686782
1100176932858458610
3758629160143792024
1844148080274227519
7824683221734598635
8601998516721627695
857672665707333638
538169197426621472
7850552940024984939
7880776337685243105
4100819893256993998
6027792519382071624
8394040823425323101
5143776450674198890
1074269341484163173
6224011241303626332
6975424207255550570
6566575098254949797
5871330163889635285
6032273403848294734
7511301357494776454
4899125387374251428
1999010839093599052
1792157696781653288
1591983079342681209
8471541180730859090
7276353600704280340
5999114739917235183
6632824462861994357
3953681241394563951
1017572006543485459
1456063311666515408
4504108682155464422
4160919459147950420
5445509875196920481
7399251442246296368
3223465441214739988
5155922553884222206
7643038620904621656
2056465584696437146
2216020608151167241
5797778241033860714
3987076328663572333
8155691130474771508
1864776076180786475
7670931965650031100
4487188203697698311
2917388230209017931
1329102956177753132
6713389235060566514
7278359262045397114
7207988037489382516
5489579114615274060
1945061180958245727
4539201999009949954
318352858758183925
6519693125186053469
8483792523838266570
9166529494736879097
7044530095163581733
5684082340854305868
5034228892552136146
4974775936447056507
504159178897589209
8963158673046848675
541292780900399665
1182986944506227080
3465880253743482174
796300441861990756
6568457495472534720
342010669968078611
8683263816500591977
3995850894993852444
7011788607124696181
7564301284218282850
949456103303781315
3056150289292304389
2772400997632858710
7512117562136230688
3351361860535523867
98201442401225265
474476886842328855
5948783855632567544
4433635048166604361
4859335921579716007
2766753190715072524
4909665101489592160
3223090624572954673
6525747079469706604
572100829987484873
8463608469065076692
4196147331802723151
3302321429182016542
730158663084910462
3392770013998095514
7742485967307514195
2249382008773133413
8597840658259741863
7845910849335571286
2537671395706739178
7558617984057411415
4099937908935132912
676387672105628175
6417911606690659185
7116289977184313589
2227612924853680131
1802847490095196730
2969881499058731128
3288605749612738512
5840746878206051047
8060402484297926531
3066471948282993496
570359123948342810
16720116736621768
5494266455567904088
6978413372006968783
2667088919987907596
5478728788366450938
2665624106372185635
4152613091967344456
1795910663351568151
3172973055223574354
4623465772058930436
7670278777224842413
9077761875035605295
5307327420143442009
5777862401959238027
3233190679341923073
4092023487626110792
1358732716156571011
3043061516113917732
6208401351166247948
4003401526947517223
704511137720483081
2931083439758852429
1814693262036297069
2735699005064755091
1916607870317754562
8815486311955238724
8963799765983191259
26125553597265893
6786459976436144081
3252552956481686912
8361565819222073664
4899972786115624007
9210832168752783925
1364531235419658663
1826889448432063444
759924120317945473
4260690689284537219
6171715710010022437
7934821185157099816
8054087853579315468
2318382929041753284
5363766638095692655
4092141083557247425
687459749114848878
4348985263072153947
2450088319744356576
8431840867172875978
313917547192237650
72783259648358792
775414498850314439
3296947950135632955
5051285068303974902
2091784525683311169
1170436918827975976
2031636402143738609
259223826825325013
4201873603784497042
3336713446891455919
4956867673791513521
5464193713910718996
2307553392923931814
4348952053365191892
824546350923534717
4452875060061342264
2641001217698563386
3150842578303646897
3423432459974190331
1896912974039994802
3491274818939129154
7665246457778913679
8047578648768520712
1090794146117741284
1125654549714778333
244206239632498556
1459673235271276412
701060430026635772
1934843901300056309
5822907597037322578
2644269958554933721
7983561551297014535
1495787104978795295
6900192421644308077
4431811572433403098
5450865521792353274
5254796485709717037
2036329922603078163
3951957387758429481
5250032191889389296
3308590297973130839
41540085926819
5499668889206220207
2807073055322396300
9021227952681981829
1831769316627584605
876862940650192703
2864451544736742480
4513803879586619021
1104259962308616839
3252635403628872004
5503476541382049942
316760924081892604
8760880759283722578
554383404476646363
8610109866128736161
1930935720967818652
466346239176791131
4134014316026438950
6971508337554916965
2691021060703147784
9064605423761998715
280433502508241406
3898411121460287955
2811180453434265529
5548204261277849633
5016119498320784677
2758374662246829266
4737779940667368287
7552940269209352486
3607046314188342178
5384279899917681245
246781942732674640
1688890297229994544
3142328796452057092
1787698758116034077
6598658634163781853
4668190674113290532
5206104507120322685
7870370145228057051
6857152475560413510
8192313538775404719
1803725974117257612
4634235848095436223
5692726503341159105
3937829166019949295
2380410536274057141
2531427194910496768
285719258844080303
2441181676165447211
1700553943048302733
6093700541679237512
998550524166228467
1396120139429078048
3927924655667509658
5178013890702059520
2958379598687745132
5631643722561441725
4547936455060801290
5301858721215840925
1743802854957399454
6191588874349472366
7625168488221171455
5270013324461259160
9026673251429358102
7213711416399084808
4547609903653268710
6176423072313941884
2500818121973419040
4538028984615112798
5768774458893704956
6096189877572311571
1951240041671238090
6215711245120577699
1799489093246038436
2463077054152598191
7407780485400932326
5611693588810683574
399562494094274368
1950310617672656447
1002094089465025220
3634678226193682661
1484625829880919416
448042049399279962
2839117285559806794
3722921800327220080
1544303236887524382
3630681602577430261
8135283238580698360
6662921593971920006
1864808130756689494
2421767889533703119
4285241327432851738
1302493735133765700
8951894790764628038
3002317151436266974
4159843512445653525
3440085765645381956
2044858431242628991
5222431410023513372
9201531536689984120
5613714470942426568
1704354286421563234
4372986380556445453
2731049127701358845
5692681060838224475
6449808964725693965
8619942605068963114
6900529169027255366
7080779076858977087
9054876128971882651
5474050547530332619
8863088875175729583
780677090525403940
2640459545800475450
6273720684224964180
6156834980939868513
8367229240820752748
7163329732373833090
8961562849192797952
196776718795624660
8382683988302398043
1549007771320081638
7854171132061323306
2399916830371943091
2949212154984600871
8909441003042617709
4000465369532264980
