5896358955358513046
1420052706459400740
2881060639005617760
5499991615272674611
7252074906178545503
7102506122751228813
6990155264863631615
6507800679503166357
75203836534193960
4613689335692475001
6989657577856155167
7935122904974215445
162265759987865334
8012809189514689327
30824048316621376
4301404520705906288
6387065886498495637
8815001534067142780
1101034910533532210
1880687976247778670
6402598298553620150
7880392588601069610
5954278323996977330
1097547719098991402
2656342832408036887
7501983404576658728
2416500972416637074
528665819482444076
1583076355271545830
9107597547377808196
5219855759136316492
7308885337025127391
5544696304839889551
3342749946418387274
5338981660130001640
1195303475309898395
6881921858570149015
8422182007388144915
9199677853837046944
2454829318557562226
2064044639524538487
5570451204725446157
3752118496488764017
2013669772319647577
1495450933119745942
5857410855422740061
7499235599326236348
5548643896089404156
3482671870820097437
3157066954091004581
1560047900354856008
4934746998500982626
962088530037732297
7170378711259747431
7244760881833984560
6394349124419339503
175899942620086934
3556583218446928668
675045853764783325
8997833190636437124
7854909003870173453
4871572815104476684
7584583723989019786
1201931339314774565
8401196921790254453
426395051054506482
3847649428295801006
712963763449063019
1816385675024763814
1157758278072445694
6801080017713078630
7825326104095328448
2348975264280253271
8702308856313318530
3868157216643757047
8864060924223181199
2839982376258586626
1463559128490070190
1438527600010285883
3433326913111831797
8201014723868483112
2843664071350093596
8918343859367978712
7746633761975086107
414410788401881224
2643023778209754799
8677687886889433595
3273551125133680624
561228783167428519
2174682208448355309
8404600950464229592
964906850124780991
7053858234491640886
896537977050723497
3281291224666123180
5295489485909061311
1831007283470653216
114651586641544730
7209532250918726266
8047895489906253397