3394979529978938239
8016731149625864370
3737635650877940855
1284945672489363765
7753940112227685379
7252074906178545503
2008907309570689453
3937612914725950854
6181536930444734779
6990155264863631615
6013696950180590152
5397005882441633319
5818100544690602936
3987827014520816348
1098181851266756060
8720578957111805835
8694841941272457754
8560547988793028776
7785083115903125942
8539456522658358609
2368425410543488502
1936436755165458133
3535191704097471617
4615135001983486707
3848688343875352574
8173597082408074501
7216567466696658502
9075072520028767846
701306490824766434
4301404520705906288
4826293289927758698
4544577845641422294
3352887706071910834
707986963238135762
5073302155938257463
3402862019919033239
1170809877227901225
3934885101500137548
7807270240755235275
966786471490902559
8774447360190742458
6513344353787019301
1880687976247778670
6402598298553620150
6182320252838023741
9002908195934682142
8163239787768760558
7126055877469330355
5976879644498427651
4504543645338059110
3645725933736793014
2087656588410300268
246828511574727899
2416500972416637074
3921825843194854853
7379054168387948373
528665819482444076
5376911714773256934
247977815796756230
8412714358856465606
7308885337025127391
6881921858570149015
7808907162108688131
9199677853837046944
6676255532253608738
8867378032812125813
1857387185356777125
7266774253246013936
821506458004538736
9011653072741397522
5570451204725446157
4258470919630248899
3406496692178059705
2013669772319647577
8670920795462954226
8829654926799320948
5954599609321277640
2883395404281543396
6437068485221608354
5857410855422740061
2058142851739050632
7107979637540156035
3482671870820097437
2263629793135027442
3517859029152559718
8510268231616232497
2350977328305175500
6246814343585725508
8045130993447871001
154277027441289570
5783458318676042693
675045853764783325
3032898023613304555
4914202650188775850
6523363657361551599
7854909003870173453
7231620381694411010
7088048496610292292
5791074094006686694
8401196921790254453
