484806185843093489
4219457405427907235
7309940385334237743
5896358955358513046
3394979529978938239
7956536540478288960
6452900031824671063
8016731149625864370
1779281120235042110
7196266411674554368
3896010399170147587
6772603432636054556
1424665327171895173
3159643892569801110
3737635650877940855
546960236124654608
3941336756034580715
2776888858026346365
8110663468741290990
420292943029515637
9147129661833587558
917224645308210940
55411538136720492
3532658037249897651
5499991615272674611
7376625660721489042
6105563283321887062
1754007979673256872
7738711211195866853
5839509821751272860
4782248702426767105
6791828356968382696
4245042552790771277
4528391889290670831
1284945672489363765
2027745333831851761
226216363256580172
6895378818991516291
5809399052914872227
8727485397340111755
4559964496990583395
2057909903460133994
7753940112227685379
7965293553015376524
6189391917187610042
6636232377391960297
7252074906178545503
3937612914725950854
5435020287124189294
4855668352291734553
3928363649402512180
1120181360350854083
4275183120444302794
6617179428660612426
7102506122751228813
3442520487102279065
2404411545535534280
5192245877720377991
7420528211910559118
8650194206863455706
8033569224504949185
8619543593757090233
6013696950180590152
1023525827562816677
868345193988332467
1993971700290982859
2254113481559975435
2202158810409137126
2506108877001422316
3568231548795854174
2280823119808743756
445452966031145345
1541097410654331810
1086328549291446253
3987827014520816348
1086256223848041603
7268157541739304927
1098181851266756060
592614219853408301
8720578957111805835
8694841941272457754
2564338243049378455
3035754826630143701
1815117622121952975
7436749116488122155
6835107565896807559
7548367792118511278
8560547988793028776
8831143984913122024
9183157670805661135
7785083115903125942
2613684745722214861
2180054235356924103
2868288887590448993
916250058151629196
7286170649172610399
618958844418947457
3984219324367216793
631372417048314822
5627024181294474847