4219457405427907235
5896358955358513046
1420052706459400740
3132326258768729143
3394979529978938239
7956536540478288960
6452900031824671063
8016731149625864370
1779281120235042110
4204471460018303910
1424665327171895173
3159643892569801110
3737635650877940855
546960236124654608
3941336756034580715
8110663468741290990
5820706265677719135
420292943029515637
9147129661833587558
5221797255719614626
917224645308210940
7158228594698779781
2881060639005617760
2120090046821723763
3532658037249897651
7376625660721489042
6105563283321887062
1754007979673256872
7738711211195866853
5888965561877447036
4291706568640266163
7194306251949794638
8869018158643600458
4782248702426767105
5210833456475221841
6791828356968382696
4245042552790771277
4528391889290670831
7899493300157142034
697073105759480269
1284945672489363765
2027745333831851761
226216363256580172
6895378818991516291
5809399052914872227
8727485397340111755
657070463987715267
4559964496990583395
2057909903460133994
7753940112227685379
7965293553015376524
5130844505531187853
1221345081614209477
6636232377391960297
7252074906178545503
3712956461027657442
2008907309570689453
3937612914725950854
4855668352291734553
6181536930444734779
3928363649402512180
1120181360350854083
6617179428660612426
7102506122751228813
3442520487102279065
2404411545535534280
6990155264863631615
7024236687192545299
6469489248687525114
7420528211910559118
8650194206863455706
8033569224504949185
8619543593757090233
6013696950180590152
219602589878935038
7335201056252104502
2202158810409137126
2506108877001422316
6507800679503166357
3568231548795854174
5718196445725297835
5756508426186236398
9126551470516884404
5397005882441633319
445452966031145345
1541097410654331810
5818100544690602936
7730765085791097700
1086328549291446253
3987827014520816348
1096718949685239825
1086256223848041603
7268157541739304927
1098181851266756060
8720578957111805835
8694841941272457754
2564338243049378455
3035754826630143701
7436749116488122155
6835107565896807559