484806185843093489
4219457405427907235
5896358955358513046
1420052706459400740
6994672214887366847
6452900031824671063
8016731149625864370
1779281120235042110
3896010399170147587
6772603432636054556
3159643892569801110
3737635650877940855
1431348066566932968
546960236124654608
3941336756034580715
1503191614089492773
2776888858026346365
8110663468741290990
5820706265677719135
420292943029515637
9147129661833587558
5221797255719614626
55411538136720492
7158228594698779781
2120090046821723763
3532658037249897651
5499991615272674611
7376625660721489042
6105563283321887062
5888965561877447036
4291706568640266163
7194306251949794638
4782248702426767105
5210833456475221841
6791828356968382696
4528391889290670831
7899493300157142034
1284945672489363765
2027745333831851761
226216363256580172
6895378818991516291
5809399052914872227
8727485397340111755
4559964496990583395
2057909903460133994
7753940112227685379
1221345081614209477
6636232377391960297
7252074906178545503
3712956461027657442
2008907309570689453
3937612914725950854
3928363649402512180
1120181360350854083
4275183120444302794
6617179428660612426
3442520487102279065
2404411545535534280
6990155264863631615
7024236687192545299
5192245877720377991
7420528211910559118
8650194206863455706
8033569224504949185
219602589878935038
868345193988332467
5300881956419103460
1993971700290982859
2254113481559975435
7335201056252104502
2506108877001422316
6507800679503166357
3568231548795854174
5718196445725297835
5397005882441633319
445452966031145345
1541097410654331810
5818100544690602936
1086328549291446253
3987827014520816348
1096718949685239825
1086256223848041603
7268157541739304927
1098181851266756060
592614219853408301
447894098700000972
8720578957111805835
2564338243049378455
3035754826630143701
1815117622121952975
7436749116488122155
6835107565896807559
3931590007251420002
8560547988793028776
1607623748038801266
8831143984913122024
7785083115903125942
2613684745722214861
2180054235356924103
2868288887590448993