484806185843093489
7309940385334237743
3132326258768729143
3394979529978938239
6452900031824671063
8016731149625864370
1779281120235042110
7196266411674554368
6772603432636054556
4204471460018303910
3159643892569801110
3737635650877940855
546960236124654608
3941336756034580715
2776888858026346365
5820706265677719135
420292943029515637
55411538136720492
2881060639005617760
3532658037249897651
5499991615272674611
7376625660721489042
6105563283321887062
7738711211195866853
7194306251949794638
5210833456475221841
6791828356968382696
4493970743770925510
4528391889290670831
7899493300157142034
1284945672489363765
2027745333831851761
5809399052914872227
8727485397340111755
657070463987715267
4559964496990583395
2057909903460133994
7753940112227685379
6189391917187610042
1221345081614209477
6636232377391960297
7252074906178545503
2008907309570689453
3937612914725950854
6181536930444734779
3928363649402512180
1120181360350854083
4275183120444302794
6617179428660612426
3442520487102279065
2404411545535534280
6990155264863631615
7024236687192545299
6469489248687525114
5192245877720377991
7420528211910559118
8033569224504949185
6013696950180590152
1023525827562816677
219602589878935038
868345193988332467
5300881956419103460
2254113481559975435
7335201056252104502
2202158810409137126
2506108877001422316
6507800679503166357
5718196445725297835
2280823119808743756
5397005882441633319
445452966031145345
1541097410654331810
5818100544690602936
7730765085791097700
1086328549291446253
3987827014520816348
1096718949685239825
1086256223848041603
7268157541739304927
1098181851266756060
2537210642284439781
592614219853408301
447894098700000972
8720578957111805835
8694841941272457754
75203836534193960
3035754826630143701
1815117622121952975
7436749116488122155
7548367792118511278
3931590007251420002
7533048769398230178
8560547988793028776
1607623748038801266
8831143984913122024
9183157670805661135
7785083115903125942
2180054235356924103
7286170649172610399
8972093099464316483