1976422273963440314
5188089175109153259
297790409075394768
8035245358032912651
7471990492416135975
6409242684446694095
4421406278856854789
3687550906738447728
7641498363471553921
241497384846115447
2340663548409301458
3120025911207562452
1281877813779594588
1713757905130714227
2430134881912087988
1867852977656186609
600797507332307263
9203847982755112873
1052998001505393807
257387915693521510
5967549694452095905
7967972541455736884
7749126157428922912
4770045768673846111
6677822818691224060
2247450174621194006
418724151131090397
4209174777234864289
6426453705726495700
6552488414666392938
8434581443998544993
4154515597672612220
3630592803230634151
6061104427066055559
7676780659383056724
5473403488677980359
309618193535633199
6031541226803711192
3362268922213394523
2190607350522470801
115652322984675833
8319275738787298886
1479066766282521772
1723891747070444580
5353170779007864115
2804701457315574693
1647490567915288627
7497574431024467447
4838989260998443844
6502668073020030122
5786518437629527923
3674196430997975067
2219095972143189640
2128043523028261068
3827017123097050838
6551076975150791668
3067742510954244831
1224650270327202951
845459931702058816
8236593561298281886
1663370808853875749
3833469387671269290
2151540171717793216
9005270787096865327
4174638651202344903
5216712021610750298
3121940731565300827
8366774463368523756
9072506340822396705
6220989005415630623
4654050825808611434
5688045441678104524
1502682961612039063
6904868212645531072
3360593557470240762
4304393927954957423
7213741992504763653
5548280365040695327
7885874614996149484
72526858398032804
7196787639555496776
4294138367630705150
8034607671743338233
7263953623456246587
4725545034666973782
6102929261177508519
1205360070065474212
2418154380713337353
536798520346146903
2800118805227152802
8599828654686169125
8657504720388787348
4133610528086372227
5588605466148445141
2655182040281674769
4676764707667793969
8725572272096310104
2083177724356301753
4722305990412551074
1857964280979879800
1565068338642351935
8709594159443814539
6256185540056235981
8044944323748608402
3093649141252259560
5213832736045566679
8708368560102238276
6867922879772273168
8869148690448154164
1242709758744224807
6408619889893184553
2044695102881912880
2839880089019778994
1652931340785074565
6081167453067421010
1412978039065586697
4388914418361443296
2806139364737534905
5923028356268921486
8531420881898014084
6724041655596399202
7108112887345794564
1411752798922770734
4335362141507347067
4722972690494353921
2721316549446574824
585920453127441344
2637909608489827201
6979730004658310569
306999212950044185
7365042680453744751
2883882943885400017
3974254705359744952
2979828610022419088
2408104978841501452
6051901485924737843
6947407242213313299
4272640961547106769
5437580367666217103
5759626939754079124
2033634764128347956
5688260507528816276
5766676876630037070
6478198835596741624
3186507528347120803
1216944777692242197
4558430377354040294
6227203207449408438
6128244416692080306
183474250775075913
2904785878024016805
1108235556606429224
4015690681466827278
6752885442377317775
6734966405923854768
8564728363648835436
8520040342624091674
7083783009500750113
5112330771443499579
4096658338651434779
527441802679790225
8562963740278970322
2353818881234983314
4094829181834579092
3181321233905441512
3386586334100482383
6091332243521565573
143112389421939179
4654754969219866486
5615031775438504309
1099767068916180844
8693966565750866340
4039567745350469827
2895704140071905388
1298586122576415737
8369752590390687500
540179159326740395
7679509146154670078
4689741839303767899
4739192278438521201
1255790001832799423
1400283681702035736
5785747848077710480
2987455478390162326
5245271433768037763
1387566887439841141
2707867846532579350
6349291754558560342
8846803698790309243
7287599623830914331
8334277301526003059
4471169158252148927
1622660522834709889
8926268040581989901
3865545692032616498
4060786505432633140
580814358592784514
7796448426455360903
1064399698949157614
1536608000912443040
3078055640453655926
6981905015759701704
3269274214992462512
6646059851563159638
4241708789009575030
272682759799543018
2849352863122546326
3280675288735804442
2592696118509612045
7922183793076820831
666650691340375765
4383601988345888225
5714182037183952352
3217705525248510251
64717883476751137
5352731731843778293
4302325006282495544
5405358506781039583
5032321347580094008
3797405170886779529
3085472599484647393
4888874990783307281
5809800045744000418
8117018450587663189
1303778880875311867
8155431082006100346
4299983906951235005
8086696066107994993
2695734541096899327
3977267074374167344
370294835914218585
3183032752315079492
4741473412571305600
8104204350459501302
3237404637248795478
5692619327938606951
6884971604046792646
3512744385175010235
5452455222859423244
2300782243875538575
1253321090110042870
7011180268327876030
8063161708209220962
6147326859932741068
7387655888621073692
834979932831316187
6369808453009035584
3486691892996574167
7841276628655971615
2373015402295474848
2897371823468594901
6173918422493406977
3802088670884224963
268482674620227539
6727591711679254254
9012323842870138570
190751864833469346
7224657654674891606
8785808283995020919
7023670522822458878
4356279495281312366
9002645159649226682
569028381438027016
2622449106460791448
7164096112093310116
7542693469405399904
8477310960261581344
6744546543740215814
1895547784109336110
6806673574738912163
6651139420173329420
8210569074009222667
1431763027395863117
5873167063876381748
1200440276720104685
6853028786652335480
4577728406120860239
3647356796118564389
4728546737245952313
5523361098546914870
7088013195487413983
6622955158410006729
3937784103043499419
4190780194636176731
6974451682260962039
5825982966090968907
3906503447714747462
68413463245438713
965320530830360139
116839922716789806
5360192152106027844
8200544188994504694
1148136218478831283
1299283458667971931
4889128713491871241
1906792370456271090
3549121793096459776
4730414279140721989
8537058924934005539
6567176148789584920
9007245642421171406
8580955514666256494
5016173439252034991
2907244276158254380
8670611425328794983
4973769544763019809
8449178389736833730
664716438520774584
8690982152315571248
4427875401563807381
4061317393722854042
6479092047387641899
2520652445941973124
6795729508609519867
7009591831270426006
5303470646473665858
6280506918891635548
5296211277736576938
1783552081583505526
4072420561759975820
4171410058575639642
8196479075834444254
8972096042880813968
6055234080718894129
2388976539195404498
1481561926100188289
8241044573970848442
7122531636186108316
2357926632791913178
6009583520257610184
8956439098226154739
7180295597078997899
8211793396569478949
8797192970868803386
4189573666116176664
2110189718355159856
1926607672139025515
5161187251966769196
5102731125896865343
8936169485033576147
7111824566123835584
9015856467322065037
2831681408641523532
3721726175219527227
2362440138013565528
2476608964931842894
3724834612305790611
49153364410186538
7574896618231107827
7909195501244071914
636025209656803190
4378755779457044662
3952831406237934572
9197086947326453674
2003659458863751203
2136382250597765949
5483410827514351619
807781917504543318
2472544894744811548
377547819698929446
5972423462300165592
4305872417548854732
5432714348402113501
7632891857169572253
610034745418625183
3272314283839456551
2269632415950154745
7162615210324617036
1694618085712488563
7422355219734664448
825849096096481220
2682201896012442653
4828791756703813643
2319748160499794524
4502752066566170446
5437764735815417133
4999711072893585855
2927172414132417754
6448092865407660498
3349953861077493947
7260298004718865659
3725047524186823749
6811581411892757615
3166207909154732847
110915206424205575
1024822006695199915
3072958120370237909
3425914850181021376
2125084908169465631
1997408088392711005
1736473361412269557
2148587197180212512
931718512009222104
2540521611757641249
1538275899123260042
8197338265523024094
1935818361866494587
1945964265167070360
5585551138944496842
7326125376896129382
2027168678241094097
3279695188476275910
5740053641406233793
7959028474633648270
7082235302680834369
831713709863006141
6624036651828467634
6223736617085268321
4461265023605119876
9118208141742543975
5017308715306241520
8989376006499675917
8555986306017683364
7373910847092012438
164663734368264284
151367704220107856
5069700951617695432
3842916916193027020
3617767677623060972
5438533019486674079
343584193875384119
6191334945288913041
2878011778918533293
7855270146278290043
3750625039074517819
1407252670769366238
4624980366029045947
3797119909352380829
5160617210520041743
6090497885664656744
8926115428122578785
5464293618280105601
6057821882689043704
6002237609888579072
2655409045437953657
6815678203063979877
6040835368438169911
1424481995291725557
2170119307024968832
7566801334724193611
6916242730074627954
6988655983357841107
745123890992342029
1417402709127082882
5231912966964499974
7968700360647223226
2390553489631365622
3899902508631011534
819044630975526559
2332558716071697174
8440617269279550049
4472207846421060935
4472395595133352137
4549137511160569004
3085090941293953000
4725268291901640030
3138502485136207392
7081027030542350554
7928810904844391158
7045876657890494440
7526083786537161313
8980741432327755701
845225814250866237
3966755984088318628
2861820936185432570
2388015115696492356
4697130360771111263
4766487183594386658
1161407451107779727
7382995051120820121
2670356828620229972
327955750066769391
1419006246009215504
8066843714973857881
2457025943087643017
7498481779440098931
1891143319577086350
3384810834991594135
6501633628801620959
572627825889110417
6815007685721993146
6671054779089836024
4787697881318066656
2417238750185746841
7548063410185008195
1901996330532857975
1781216649665808422
2036633326499459791
975603798384021171
7552521630058111964
6218701542206698816
4486267210856668807
1104701390639516435
9074303256692255675
1242162542912830844
332320944838274033
1837144738881122035
1240010506904284875
8864297236645443182
4362194841261715173
8842800466686896854
4264184491303675084
6111634360401376902
462646130149400195
4716095898957581159
8355836376704305938
2688244194530274050
8032809042404587537
1262535140389034657
1178365618714141995
1099853415566441886
2339271003141289286
3427261994858082199
7630080904092225380
5156241841910534152
4709332137816695301
626257283500868723
7479597379946502874
5593445285628208822
6971825965217503075
3525299644961510527
5439436418635661254
4587294803185854293
588967039145787552
1222502091686904098
7607540626575795211
7805799048776204929
5402043219128994937
5366473488855532969
8596199123146509066
5187994697417059588
861816605832118848
7061844543240986230
8503936649277087022
6922651368177649170
5594078601862604697
1076365094020940938
3500463337104082272
1025586628477340664
3236514026032297475
5426497730528961258
6491512422527768219
2488277605564169591
1183330043316870412
4837590236109555595
6570014619505619029
7989900504743809353
5487962205099867403
3170588348090682274
5148957473503531801
8937785752226220763
2448246058937229656
7330698678762042614
203696071191301702
4377757551430085467
5886916939331518960
4099734038789406384
2121100693567704156
5872024172486723469
7924622229544472152
5650708869534033535
675777491161483317
1960756816887098799
481082564924088185
106401427740426044
2715601883842605925
1477802934275564744
2326683443750643482
8200670644472277531
8176588123503757887
3373904790704871838
1142862966443502146
8327427131436182606
6387839435811456577
5695960123983390417
3455977537124345433
2213664482758178130
5209662474943583406
5769779518489878418
5896001996124475305
7142466069116128769
14925480916938662
646259130245646549
11341593345760308
4060772669838546312
6010072773593593839
6336433152410224032
6505835607968004244
7800431180979534139
3322383214849813789
7518243168232836109
3419750060546138982
8356449410641245671
5450173131476399833
3237805692672968013
5919490347760846135
8514312524258404067
3159793327403814302
7891399429439031314
7659267359667005351
5590093498079658626
7075860641307947424
5828329959535371022
8075250481334905256
6914940746642588943
8028171022136747236
1473084188832285582
5702618298567985376
4939168488752691330
530270032179422557
4158385222590190987
7526798645076394793
3542637154711463662
7170117022896866700
8236164637713444709
15438432795665729
3400931616568568709
2343196467588303794
2260421501720515584
4589412432610154605
4729128540243398747
5110297540185983308
2379101649652419773
4976469199354916969
2619347553517668300
7788488800638268400
8626713571550070754
7717477514298541959
3178506391723739916
8123857790903968069
2392963673883763015
733557951820326032
6671644778204366406
2386019974791674397
7768996388021347695
8914922875182768897
228178159749979375
3515644809397133482
19461743109673572
8773412646729048762
6646267299934428985
6293532297597090508
7288233479070808744
5113283792616429430
7864983633447247364
3621090100985977192
7018905529779008072
5203674673505310623
8444326644344050930
1339857781857974141
2047250589604344382
1250310920099351340
1492448524150401124
7662697975781610832
7835509098009409362
7579214793433187567
1419177329828818816
2975875830842882014
2714750308906698516
2613279439419795688
4938799534041785825
8956845166397780558
2378238935152943450
4470027098179291111
5585438978336940673
2233958951677242823
7048117469271761970
1116759332209266835
2993193512754086474
3508192528901978555
1559457795147108263
1136752063447519796
5160886971472004079
7639122502346536188
1791457436106526999
1551496705012029941
3581120776991907673
2624432592317409297
2392379730935964809
7851337212453796752
8047738639659217319
8595824916047641603
3923599238641024159
494421838560358481
7895654309888417014
6320433664743942964
3733111661515007321
6891162892740589647
1510584724761621333
616261532911938281
4365783943422800270
7444183101316604754
8879285358093856462
6120824764040722396
2227934523061200306
1229527066472792969
5182176740536253093
2247232808044080076
5554876330173620503
4738133162439422060
8994244032012283980
7754835223914534615
6883217220272553808
5743814804787047357
4161142230284980085
3280287891538334668
932316059298865969
6133912223583478971
1489587620129713628
278939980139431651
2626551885372519140
8273675198444334754
15330850280557400
8491746780084070364
2406639071719676731
7097375264300751915
896572416713909904
591057615551372028
428699894141788073
5878060343975945771
3494626193284861763
3515637673698780543
8025425990011737093
4265682796644979133
5853091593738889165
4893189211042981818
571284623963638338
2951541962620535214
6528109035652259169
5437106250744454630
3850670507854531880
4263020933507106190
6707682878994117959
8667298990666712784
8026860881521398410
154384781900575296
6889291664166672268
7812072727354906410
105887836004718835
7219061145613990863
1338687445169738956
1970888468197193099
2831130167181160989
3846998690149820470
6990307949680330621
1318243311908142610
5635054271917183244
6411087687914021358
2233838954271238964
2051584874449107151
5639582056694609738
3509897681855635588
4675198226028644937
7506792530805659493
7613210167146386554
1307980549999227899
1263004589028314805
486199956442741945
7677791598790350553
780046464763933603
2058075645517325919
7531494178084299696
4972428174808907705
1490014862727479990
2423527214186754636
8022385317639972109
370957026398823085
3638450327414172686
6482979226896176008
8487186999762182778
2071581419376940302
763848035055895753
1840602312301776829
8204619895402123451
4143973594337980870
8295885613315112544
423113854909965927
8131270150203683088
6950450877991903319
759793397068985353
3122548218344469029
4043213435291391174
3325850050622708552
2478339220889084024
387942779079883885
6547969618467422214
4048287516942205395
3050340599011291035
1043837396127802167
4705138050942090818
6598660504292867847
7805600753573545523
5183281723210375258
4037581067314537052
4466949269545741923
4802761450797306258
6457377331281161525
3505470719131139105
794915551310919719
3213472604174101929
8403062087896373211
6163753865538066329
995624093078497424
4647126546799780341
6897416654221926099
43927512274696317
4444405977736482958
6363433927796480297
8484979631396198779
5301434454785043994
8637785122688244993
3935316984997688849
3652299272703419924
1517966527903863611
5655864533610581750
7212691504610522058
9098566449005323397
93683261677914030
96222280327516817
4604216076846237017
9000566061111045672
8306582137994777187
7642552240329954946
3559746743706810054
6306063903244369546
4296087554003125990
3988769423682464286
8475108307146972966
731039224418902686
2679164443856583336
4113126069132776822
3294205812551707622
8765693328077443022
6225056616707602973
1820085994389443073
9149922908710532765
5151155099966043878
2670089595341349612
8366603770074564112
8152425724323109631
1275128882449075196
8253877897679597898
7673222594599231110
2081140663139158219
4384537087448934888
7721450565090681942
8886681482893819733
7216542452351852517
741235361150151009
2024242701656289589
130328364832593112
5909952427154057632
1133244041234384445
3168120240142918099
1639802642971837869
2368950994483141819
1592291268770464914
7993063749962922673
7519471635557425538
7970703762995469747
4310204200246800337
5945013376584351842
8533070131513500151
8337735605088300132
933994227140270504
8657851274887711199
5656805614698518510
3319042629319264083
7106299627481645309
7106791124600362993
605092273509887308
5639977283841738812
5275130486802253951
4305369527842402825
1046446490725295782
535609328643936500
7210315394190965036
6591185681269085478
3908580151770845062
6416482149340251411
6369176036565448404
1058582154086452052
5208976770857753739
7105755077471869973
6036833017817562648
1114814535225468322
7051680482922940443
3717440836692985368
2009071993573588094
1178053115435917224
4637954582233394625
1902553951046964733
2004798653030174797
3258509300710653772
4508619682594357718
5301830646118253940
5302532138605001312
4534348177036095349
3764893241244943501
1997890559017877815
8585190107012395241
9169454849176540529
1317118484459621323
3532570258415662787
2208958351182137279
8410399979047477148
6217658314365750013
3604798794721237565
4422956757977655476
612993322279640715
8139294137222051148
7446343579780006937
5300164387607220445
9108000530717118403
6303898128184393102
1145376943441731009
2826136620240256904
3727691870328745430
427919469589337555
3632000643915691630
6483943159610495517
619939135148641706
5475613714150196309
7949029378933553903
5331335898754347053
4138657390500175616
4275154263552221361
8479674383808391966
5431141707420381242
4801810573507403172
5503859788428399764
6568192581087271833
5754069454431936072
3363640864614466525
7026421643772513316
2982319472178752424
3363004320834185073
2712440319294703721
7847975347528263960
4039069496941256070
2750564861426730251
504686631262792537
7910734757987114319
449821233114830650
2583786650611698062
1249321303588847883
8169266359103091100
6375489657735619756
2204775171149583973
3010113581356420249
1862065922279535234
4804001965051050049
6432670458122110292
6935090121654941350
8388526570024136325
3163027459465195476
228093268603961058
961697627428056689
3412914120240858852
4425260689680921898
6399591511111318737
5817496378550234591
2394778529747491006
9069494142570345507
3909634061255756116
3668588115052046349
9210460076340768731
5750820439106625775
7705511123907261682
8115271364528782918
8490894101556253628
6945477341576275370
2033268512468948433
3690878547769523376
6282026949914764380
8372178500746181675
7655322603277358085
6767432835434527264
6559509250422359664
3032862838056827569
1073916432213819604
1911518661831036544
2482848203197138743
6896593656448897042
2230300017620555668
6670221093224334092
6594440443380322963
1234255712647742438
5811570487899534195
7174238045318100741
6476819460670316380
6719790886491863784
2235876197979748711
5517740394359606984
3352668025304963178
528729200404106184
1511558397033287893
3588524570062296929
6984924806506300978
2684404867363629327
