7960085701261200148
4234453117956652584
5932778757845099306
8453115568282708838
8364837624225648445
5949191149380998343
3760377367283992407
1604706918260773043
2585168761397543445
6856548241874924450
2697331311618025851
5493306967830321650
6471891297581103606
754760567462314897
7028660274212410899
9145168915116910775
137755723922006723
5151786418457707107
5641688907034984775
4586855571354819225
5625094143481283111
6162506138538072731
7842970436658767939
9097909619197212285
2189149323941007785
872491029165562201
7764033866941861958
543779342029033021
3121104870010746858
7950930373722837465
6060883418762132268
2598859641861961805
1653156933029258757
4700392088778800502
3169010356486974694
1967871757115171773
2138513956388265425
6556053322470943261
5493394303484882959
6586722946800402795
6698352321045254404
3205873084855546804
5628208038968240081
7642859296161891121
298293298035112497
4897967041706652415
8850887129847905322
8670799864688702829
5317355963329577697
7114436129425852494
2702141522046022935
5866683879474309497
3760839370552856688
7985695927862539156
9125724137942751794
5134978568226534009
9078546931715916738
4176370687751407708
8394284647645690153
1819070001204173720
8592175648646336079
3271368545020062573
7109431649163240339
5229316501406193666
1959345110470639347
3119630430610229509
4341401958808944359
5662378606906394975
8959935290323811989
6317773232685408145
4215958452286171362
1389908173069488631
7252018071468597980
5636476138643636214
3685876216666260597
1841542035588750855
1507313885838386254
4913268657075989774
4734424064610482890
5068888436302542096
2027390110444715739
3566845109336280843
2341241258442330467
1158996098805799751
4197098265177720183
2304038943394491718
1232746585081668486
3479275677709537814
834646499299042771
4698047029498207056
499421493624666659
3824626445207230503
2885298112569908204
1262429795310744558
1100672830225415679
3081827468821400248
5666919556818935588
8758667671075206911
27450495424881410
5490996399693136853
5592173293329737461
5319798821949090656
7109878738474013616
7647194086843420290
3335496980501499363
1116046608381824116
472085866050096601
648154698828353183
8209799019317751885
9019057422400162175
5167611501732824202
3311666454506113359
8301271158459751876
1727310869982872306
9025082217070992576
4506541602459136664
1371886502025866821
3962960344584598217
6826025544768106074
92795667884962134
6320565376772197887
256481448710346884
3165218063110708913
1672161785146367769
4623445592427869781
3028624578736671778
3937919283331659160
429475308997659781
9186004340482312633
6773435094944928554
5730164392635485768
7528816332129628049
3074886191577491355
5484616173486857104
4221260422957392213
6957361372676568248
3635509072317015496
5853040006711495372
1763117896811173256
7716571928208031978
3329101910393942023
3690610308841229918
1941007546404389155
292155099303751924
6473877800076543986
4261429174897596588
711858746079815967
5186426632304276343
2950969476885970126
4556384294173144839
1778693152052276516
2386841072833200048
8811369868739959591
5220901448346048051
3702358053284581937
6938473466296459566
7927288883268113177
4029887867584700915
5593700838658113767
561828745316054486
5048708704735264723
3889932430946964314
388776720291996638
8910640673359224661
1189339776805630308
1458466712893024373
5760845401574896995
6551165481304536681
738583051644602688
3598475251686243638
221156703838819845
4997061696133247726
455492049288125461
4339345798384528338
7392467664978229889
2484783075629740904
2619333148127645717
8878972646116468827
4823053391344509027
7135418151892531241
6170381156570557718
3236117352940992132
1250785061737789099
1012001215144480680
6862995922334410428
6406765471944187420
4326846657708093653
8544446724770605894
6380653201053539848
9156833091538773432
3208392253765264135
2149394049181671311
431595865511163693
6872031769705054507
7601347813928039237
8572970004602480517
980996041908569388
1727251602076344484
769306921181509080
3583287499547942577
6510896863996067525
3712246510084119832
4831028998716329978
7005616367037470596
2804747016447906823
8274827470666225236
3755218536210122800
1153408532326303673
3313358446776236476
3099924505132232425
5700170049503399181
2132856935109880415
2121586921127329346
4514084380243187022
690832731161738288
6448702011313664153
1855976075258862441
8986689913073367897
7916999323800608897
2954449661504015014
6416276899727820119
3576605613500186022
1330172178809683633
5281481211791905710
952855877454763284
1085043137450592445
63633391549171654
2459486439534082687
3367337017009376787
1211199988819275204
828678807356668524
169032433664942854
7583688354877682311
787621753068200245
3646047398036795448
2043545270707828832
4371945632963894916
761724790180462682
3778343465236529296
8302655774838296348
4671543046697067569
6045073424358033561
4859900967563700360
4279090224857178016
5548718142834099887
8930711549530817602
3238184972886548874
4901151014379797175
3519252848860916866
1739379928959451059
3078359097180693478
8077015703314887775
8250876108154836975
4817218379914778392
285503196455458792
8424677963308918283
3710257137965752147
2048908094714239567
3017468771337502336
7953865828009761045
1422492141770523613
3524315280252017732
4748859994859336530
9197383038142588905
8488624002203982152
2487957654813224577
6790444188131336023
2419327989402264508
2130194336953147173
3637500427318905790
7262276198468345242
2938491524184573407
7910206309402354906
9219167963889551618
2850248639244445773
1518674084630003877
1266984320263452417
7110606132707369770
4164067649562206968
8981095710107342405
1022491343632049900
8297441468659497613
1716004751848049934
3991245710919540299
1627366717304422247
2379733408997541864
2094396550157949157
5087656537361817976
7354806750369915299
5749934509597291892
7154129012152406856
8885027604694063149
5521750483965693538
8066043340203262690
3166679753845787558
2584682927033961281
7124579163914097199
724088094096504688
4469295572839555710
6203206891251689165
8037932969270044206
5446299692999810146
2315323840153773227
714675666279227561
6709731160184080339
2585260036236885907
7696686497912532783
706258329679634836
5739998495105477265
2651725278309878524
8776914349026371948
3852220548432548325
5967435307702001024
190064960537827707
6292214978060491938
9048728947611783191
592698187272473567
2263171687719579082
3992424927014512427
3633347041328063347
801168843576618130
891019688958601720
1817499044306577704
2656054398540655490
8358188924808105721
162991437034725373
5950820388916687060
1205990148579491534
2226664782655444801
2258419478364578205
1263912568543943556
8015587272196790150
2662252184315671985
3191649543618800797
1746637860631914818
868897913338914510
2496934703580122498
8877001409844148887
2783696493961098917
7507597654452878397
7415482454354894136
961549779549065269
942532566480503432
8382681701050883602
2382153041735537644
6498478715947477307
9162594463919413752
8942580503151312886
1960517484061537397
7332009249709988055
333831564617908322
8298475743283983166
9032788874613193234
816241944145108757
3139754839330999949
8000958288650726225
1871279147502299935
1842704298438925880
3981103220078787578
1859205145272786669
4794178701980624036
7974336347979820133
2645388904246884971
1566590783742667164
6882418928398712720
2790703839879687289
5882992421769115746
7258865591987243365
8927432921483643355
1754190324172760213
1176531727758810792
1989752439365521276
4570265811214685905
3052932494622022111
8615471420279945195
4553817937540360033
1158685926723373863
5828175365247660874
1689285827416528816
6840579172662876941
8713251491486075520
8350481471030574147
6493507143926426414
8660727818058307758
8616750094945817495
4350953672562209322
2777604613558143386
5517044121781192133
8593589981712181315
3379188134257095930
2643083923990326223
6271234252985392900
944809214331425276
8652317337428744649
5744247650612522753
5377173802792521917
8971407240238214664
7420524476544739644
9081704235945403979
4330235786978288488
8451185841748101265
7905256269751302464
6649180265596110234
3819025512045983053
5937798247381823650
1804197663646232869
2490667249322861096
195789990992249206
7698025261073761127
3087712916874071658
7567302691620090397
6294854888606779888
2866519103666695077
1286165645739770771
3878181037939999175
2465085335675730458
6095436108708413488
2079895011563888185
2106285683381478601
365366819885804625
4460589888108992666
4350614212756687798
3174206979693765325
7425488644258846147
4650230298842699619
1639541183404729174
2999420243100154946
5933066401532663970
1101690941441961991
210833227598650933
4154283915336401140
5781251522847268610
3233493087700192910
1986259009492766267
252932034483454717
4870758872614690564
351942319254334391
1542655560381155888
3796421929819369889
3363227833269060998
7752693938416014799
4863607316806857879
1693629861873167916
6373049776301268585
5224546302913453410
6185590480470780185
456437989823000762
3776854849445970286
8489119206576045383
7054290339043648955
3128380846621138454
4705157563632423552
5156814556869698767
2058106777864815825
8982465072284208237
5753138162348747867
8283757724109653061
1698564853181492332
3385539722463957891
2830133077784107030
4218938992525913701
277716911672320878
1418306151499620473
2279228945481787526
7276877204496325352
3872971254600933558
9014731633919544
6227748270634015166
979435777728602056
6850256221896892896
4054897157405291666
1041634763107620102
8034073604374516188
4081035025452379787
5144298587192647552
5991522766687985242
8892929528251532512
1771592817652308436
6976818159944031558
195015368837353601
2086691960083540471
1609375219712318464
6170365132322995297
7758183335261550123
935455126571776945
6983647118962354178
3653021085079533033
4136122705895201074
5871832873895423239
849653325569487403
8114901669452522977
3137889845577111985
952266571207610166
3785344250464720309
6521687836836178893
1848343971959597402
3217293395746222561
8917536551211739368
4941024314970906707
4298993340209427662
7626201446156768150
7033431930016379976
5632735120445748831
3883732148540958266
8806755589866167946
4157368661452320643
383957835782379408
2475330586580477004
4579884417262167300
7600480989861577735
5776684986231315310
4298396342481308307
1454480206667430243
4181476464175121234
3961573239657492865
9045796534187292260
9106555884902674648
5039341385361968158
1981977310389685020
3276433108453913334
3098798264341872501
1404468294692095755
7248298726181857742
2039135078264328691
822334628704703538
8324369288743330860
1868241159932100293
4048295308149815437
6296544003098944987
5029058418446314170
5048695375352097397
5919607461099782309
2810752925997827142
1788911706898971069
9097384823888952812
6625498069607362142
3346640298882313075
5657022916160482279
7424859212128002214
8014950161844619597
1851271580452619409
7053685860471192110
5648245371718743221
3228835638142620852
2517543317960111476
3980931814665987374
746065557545694657
5446597075799489525
9141625730931450199
1530709642642903161
1269952065056206643
8805721755621828837
7953043719983260279
6579227126392999676
645306491344826512
3551789207060700627
2475278885731128972
6322549292807730741
1530780151352122193
7602885699552102830
1536284189528312802
3341134330407420065
1060531411561561585
6920150850955022008
7885142038088388131
2220750273693816799
1843258695360108501
1464747611733668176
4530759191223235291
5576051476280751909
4167858561076152539
8176668175338644966
7410524310506347298
2795735905171947634
1751210099947353264
6830973093018647703
2676548959239174639
1348160025144635003
7985780503968772911
9044319052992191131
1636975612586228732
1685732619773366673
6562878099670508359
6687357878905369279
6110323679482099795
8152655424291917176
7198580478923030724
2175280392432521502
5943491472169494856
3140989049930929959
2298637860867817662
2109442344608084847
8471824687552498720
8795622561293511278
2870695537529199363
5281545107188727059
1958571200500260383
6427408070737929090
4385308852321271905
809133375362764984
7496025992205943837
6514735033032909257
485285387224411840
5690761014292383152
7656884982307324944
2486410226725765836
6657728369204244235
776660366289780543
5570483544952124710
8010443318613525399
7907033727867277828
2183729079421828031
1632304955477979289
2127445402674016648
1750665571117721288
6498831564500949984
3468988594804725720
7344964968198587088
7174026703333950641
5723163110368342546
6348569829141517858
4931818389985779950
5215413437799668970
5254380123449292009
8844658057103247167
130130321830685505
6525182488167086083
5158732565350010301
2759926480677477095
3258412892189038627
8655913656725769468
3916246057751765959
1891778365278749539
2138560789993864085
3317589954471013586
2766133443994098419
3974186890046362
399513701053219453
5009718410293887471
719785242175551705
4594087416838811259
7114165806285939443
2181409057220763349
873795585281802868
1694243686456555794
2637204054034432730
8483804236317166287
7980128415222259786
9152699084287430789
5587677267973017792
5351010352804556165
7092356702463140376
1778328787947272664
2608248934299881256
8384363125749361876
1912260462619543607
2600274913346682817
3456744304561654573
3890027804790246089
5254351959340364433
4527455203633887408
1365896634207472899
7847563637743950937
6481721279236448837
7634202577087025535
6931095001089334901
1847404596337913319
7271423379174477806
8248602391571076180
4179999300477595314
8209444631504955838
372507317458912619
251594573801715829
8690980612975211905
7489499787439655160
5371896320395796967
3282301804988936103
6616708954453420157
1567641906629584989
5735889026921553309
5581153046284044476
7881434919913783015
1361972342679678619
3792673381843493088
4763144280867303997
2845201504155567140
4009252816475213382
1098658122904838082
6278192174956549938
9113340031753685030
7449887332905682780
6188475217537004616
2308177441742058936
1909081404872328116
5830528031906639473
7469162491733137008
1831300360236168931
5349479207674372296
7879340377622610242
5075663668503409377
779241509050818165
6879100713964071002
5064354367817606939
5595828815019342427
3266740802583979646
2687701162633081132
3995598344676425232
6351793055210904934
7062451373612708594
2338090652104095977
399856415239229034
9167712159192566871
5321559571780365791
6803504329571012603
7809624943977115144
3566046487918352951
3781715120483322103
22251927727071445
5375659132421352161
125837840790413676
7178260836252210462
7249971240682802184
3154121766915630981
4377933764686771958
4902404191378727803
451345227867783369
2256803574994752263
8111776884580916557
4664591721466946847
1388280621691419726
1010578145520371816
532991667870512581
1998889920922195470
1550292937379896429
1441601266420966126
8360745326744239684
4639513181524719725
8627823680550589495
4582354659990788041
1319211112870006133
4699783416228851887
5095742867155649137
7090052986192100893
1950841144809358931
2236327273601223292
4448200704892908845
7419579367657773399
4440549071412051964
7257071549244047538
4066869764097972669
779522551024779139
8144604969779934237
1899113872748859543
4255089737875394130
1582291683761883668
8668819280032136617
5471934050613094811
5287332681864621686
3622392777773614954
5400595524219746742
7164959740531648906
1766229587250532526
7134874200082102789
2008427473818858701
3264862313223006572
4499630839964042629
7919689085516835600
1277183082452486282
8321027367439738270
5027689672172099381
3531157653458429268
5990096622432783739
1903284054739505652
430703804404294071
4983806829482955450
6077575283460328810
5860417029592777017
8614237851167271857
5978045814598662653
1670170064901861229
5723254172853364733
8707564747845900371
128969049579916736
8847930724282031033
4977510823104622198
1558041787132212701
4454315280772967608
5464332425052529061
2626993719307425545
1832730018918667821
2114613277997031418
7798463429799577801
2330023315774790289
8366212795166742142
5377230254912820117
6402959044194710221
5597589672141515812
4771305690764766819
3588781896037911847
7954648349465949415
7788902474228316581
3605714471883593963
5140913365868820301
5663302859031924383
7777898364325818208
1225693324188868478
2874600398362042062
485026104284256355
8028449710074260192
573030974247645157
2028211004179802543
6175867496686725969
946593157782374627
114439157591386761
2043308097077135077
8004684731157335465
1580997206776897142
4840531848831993795
3336324525242505895
3137052673472982040
3960491267670171755
1156346943228168049
8033480927994617640
3131064183254891202
4467975400228940582
5722341913873038470
670335276531417584
6064561752181315039
87471987146755218
2218005804205800349
702227517612485641
4340970436986178107
4040152939129837605
7368807264167468098
6765714358523675498
7497481985985411751
8018105398125280102
2773458479872883748
5930224566379405570
5610321004108532117
4076129826352667608
2731229573454759616
5364471552998863115
165068669300389964
729117494173202811
6240448397877974183
4760775829164727799
233365184705891881
915073702988187157
847817321518844017
791062590209427484
8338560961415717434
4640187894839325170
5122062624300165072
8414504249597312850
1802623172472213071
7741739759714875156
6580364629036240932
6939200256787529251
8333929985472657897
1190451514774737487
8096154886385043795
5909650652010241160
2457553560284130107
5554656275013124478
3610337372441378662
108763744509301876
7368141364429564005
7446781902311939117
7177086160895158044
465151339227892417
8578484279657043714
8630982914361688384
8732494447097104132
1967714484077523844
5079120943384218951
5446515468921639438
2849254513320646411
802510033180994472
1146585737745396720
6794533933821075030
3836901763702587728
5988447233160928571
7621352431402176216
3794181113780451566
6137649103596320674
5954099357412617178
5261322274365508330
3010203367525237570
8525818097035835000
8547259534105206073
5236595023028884469
777221424293557115
8775207696654309277
8243039464977466239
982656323579860999
3320409192415469438
5402189792583081918
2434319437973019082
8786676629975432652
3311327110215294485
957293410815556088
399280474350652304
6237077251710597831
580269040458895787
2178848507799646571
5448829197677841489
3906951019603796965
8240312357108783512
4512959639417517393
7033265139836174659
6891622344230201624
5122851150175441196
3533143670341897624
2003308544278910927
4491791015523478912
6404688765856223922
143435593602978845
4374984116182851386
6247653016225586087
9171313460774159432
2491795004607186731
1490514416411999444
3705278040711098305
4872454611136385578
7089412354449014692
7292325152313158265
874707289592727444
8209425218993020505
3126851240431360621
2295769352702089596
588992573401275226
6959751434759628733
4498754534520398984
7642233441786563068
8845021675226234838
4488286110388636313
7158741294268186359
3915451069910559352
1164332540415963210
6530147191871896415
3452571103199405439
2637351426973310073
41318298636587973
8285340191460033423
4685622588103102562
1546377402558711257
3559576147484555299
5037999958974522695
174474259309072601
5016969059523503834
2787910418353275560
8097954803651902444
1714598345866645395
2369777889775220860
7186651028878182679
8833207985448271979
7770892400211208744
1109050684222026658
436850699742745441
4327049111527543810
6832986906306089662
710334211473059236
3336399648012226032
3286592918503055711
7818773234503118641
5165388115643079261
3775817138524400804
2531737583570215219
846429165122847876
2666505428967177651
365965206632761417
3427071540241951261
2448116533295754186
3498575839539107218
4942900447321988324
8983949045911111155
5203434552907593486
1753487788244937761
2541977249141000472
4089287970163173205
8661321291055431103
3377634740439381142
8818410099773999146
6360954387929053671
7304587535042681806
6697736913345799870
1575382587853789188
8636446262979677886
6791748513553313434
5426040793543361446
8244052451142989324
3508452861674265280
2261167326165633307
7026882598876912668
5713781392511238206
7905750734733628884
6961154520521646087
3819543188731680089
5645887151772094167
