6199231941982018235
1473982490124049388
4397735817363425151
5323225560482819886
1175692444479535210
1251076280884362730
1938273241310204305
2694181181328210497
5560548729604630538
7165174670030846055
584452707299717826
8995356560713127196
8759303835297147629
8357488605448774899
2221785117888920280
1971727096992133755
670537429448498747
7656675496288717870
8917822949252763246
1989875143123090813
1449357345414248858
1007633378172281375
6751630423130585511
4185371013100657371
6582084430960989905
7471639498394132398
6159754772037811581
4579535358882606385
7019880753243037721
4902903644303351773
2039416903874373381
6053352500376798071
1775436132529460610
8776737473094012437
7114905091312913952
5869617651679298118
5440015294009556076
5515041182319846333
2443976448616562248
4796971832586916007
5850950623376496445
2470721093163457710
3001566663026631619
9154479284181712110
6618032207478221652
7156880919864906152
2055739470369926931
7824549095250275338
8159061537230657062
1698548437796727275
2971971600389986459
2987549977440650608
1890712119856457499
718209188184873528
3969666657302269296
7890439096160958102
481378251856707361
5594988466162498746
5898914443488862258
7126380845493243456
4769892261843716045
3521623549342540879
8505068386705187451
9006165259320134795
6540546004952375340
5561271373153620506
720741363337945458
906983702749674066
7967475477796696443
1962047952592892379
3684593319168138724
5252154301618671523
3170588100227824479
7393987520943537109
5288244309009282112
3018931628512379353
322557264993841146
950821058782269733
6618596360203725920
7775233608629122509
3196133998273921420
5115367919453622304
4125393415702767355
8454853981852925340
9196038364249881297
5456443035692652665
8130100939172540660
4382355219745748274
2532396069351859466
4673128595919847944
1481782172391614517
2317918959993532896
1869508548697364809
6436081703631767865
7996070462884722643
7494678414249776121
192133834257360992
8505241034781466662
5570679588486650754
8523867637409450880
6331229183588160166
7410795099558518448
3313298980775381708
2750131729947312682
2551625804715024513
11656269277197309
8496593998734471396
1240230261081191744
5082869263368694260
681165247597454293
2009723169461904348
813235413166657607
5882594179104175391
3477516600113137665
7939980132527007065
5670650747433788337
2435987780501244416
5920380327028361152
2499390682969271339
6897872169654180550
3346949845470308859
5758784112873009148
2299603071746102514
1487909323331133795
4294475848803565323
7226144113019243074
3405849987288514504
6346856088265792116
5588875688481096463
8499113489777264054
5530833813476591555
703208027443064866
1102377526764238223
3503545813573992567
6773196638017973217
7702482607400743542
2371387492279801652
1315541947772860428
5953078285847252126
1911575229998551708
8581734043068149065
506672046871014843
4033911533397260533
6875146232480505399
2641509054543009373
5507366711950546246
1441211463974184706
544756865532493220
3560539255974876737
2387307952822757015
7636491792388034266
6527129663527846879
7038643518420228931
8597809716203600825
3411782236391605216
3772700447792879426
7662942344743510756
267493050146579013
6806641229633704115
6941937026846955353
3712184869519061671
8913591608842593749
6083283561377734641
8953272277358251342
7253847300318920501
313015396604193597
8192458123136603024
592438723030661324
8864903631862896321
5102757765565522470
6510817092529402477
9180647649680203052
5851039566101917454
582654232711597365
7623693831839811167
8074497944379430101
4117601317092887839
6478870417893216932
9154935785947496019
4561263926820044318
623533416103907749
8549082208542776196
5546135181381884094
8690383398484711324
5732656978328977628
1116084849231673157
6955992797890927955
2828151679439070546
3594504776284350572
1019071726874888981
6497847463219811653
4534593972274186190
7038744817644764525
1025854095801945026
5135475600801648017
629660291140308174
8642800539544469052
6405099468777959696
1139321958945275770
1177073134129168450
5644323348891906509
6082203045244243126
4167242640903943183
5375270158777247423
1391018714405470305
1551148204852647356
1568939005896092706
2780427150150683788
6872341624595054469
5520713562471085436
7579089461296075999
4988509956309680434
3249272228215540842
6603531835716147372
3584193217101647197
4286899414306178415
2658042242796530023
2171435543486453544
8987160630251186973
1349104473523573037
6944527814050760176
4031583825484646727
966721395306875393
1821953673827108792
4770220401452444490
3548034269538080538
3679168789529381594
4873138286541731686
1099166975122322365
860071645153915533
4769048861965529110
1608767157443781706
8791993590703140329
6540410759652872285
2126213735261397537
2753243484801953937
7492953147259852746
7936865813285892835
7739714757663535917
919968483911946675
1474310748135809757
2275815737959307078
3613170289566742913
5056139372752217141
1399177061467750205
417879441767467032
334029953228719014
2753666873881787439
7866646439631480891
4942200410774495187
2919949076388901210
6343046597193693905
2502894846673947726
4535399242217877109
4363286745682733004
952083432560052719
2487968391639180159
183425318870478873
789688622330151043
5427563778377659077
7121494238731237118
2870024215738965273
1039212628138746077
2131082780389956956
5669311744332405736
3683256032015417362
3443494460197575055
2841173245961098457
779695053745738348
5988528646287052943
4475387860723057516
9186360394072769316
70915700471199533
1856822666357496449
4555086104195812384
7214418636003586551
3632577387685010475
4088739222758662998
7910028708496725034
508824551891885334
667395103289203743
6615182346388565019
4265295528690599629
619991957003928577
799348984525361444
7733518689975810562
8737204939414660464
3612646410804919069
8557901226422904441
3770910488427409154
317439196694170646
3589664030031793358
8438510757680649217
1966006974126871861
2327593400415914693
5668742067590632615
1814873976695797695
3106973145008320618
4599293892134197776
4189233827107623164
551237164383542866
5874511013028330153
5493851634573538873
1583026194706804758
3971596245837966873
8583950629094686267
8826878468580930664
9041584423813384554
5463570096450640421
175412681004077563
4971204278490786648
3828412684763434258
7276954856408054556
675221864781979649
8447789680473491622
440229500595495992
4462980213407929398
3653818853674123183
2455717102605662863
7179110731543045193
2488930552122403744
857702929283398943
330272884159556995
3654551228234265653
342523976385228844
5905388460256304488
9203130571393794600
5315304641174662143
4280170325516209184
4950409933203551347
8049246797506089390
1985405344459153998
2044464986714864138
3274112472549765286
2751924134697857284
7799202295399167519
4751621577252365044
216599047289002299
2221685475565014050
557273160600712889
8294277968125122649
6066035290071798707
4590192594764750804
8305184781217823064
6704842201099013068
533072012719940159
9150509407620801086
5440127138945941240
7281398130105455744
7495055631416357355
7539102884075237150
6182576602791287302
7707749403270085735
3891737550437669778
7265153872746216812
4316464341751488568
4878991882330413873
6640216684050059244
7064995373204813802
6615677261290524232
4903808458428426907
9141030070759100380
3083610073255147385
8353315364867001591
6039887985529865005
667906550814653082
748101753448556645
676177440828170009
6829393156536277370
112127080953836151
9144665801465731454
432355281276616325
8090040172350222610
4744845510046567814
4749663505982636970
4957799767816714094
8019533093833322735
4573308676459372481
767878868243129043
4131209058179357167
3619810821940152170
5372514480142880106
2867715314455991422
360208821699952008
1677468160281824992
2367356002298172265
3626268274892691437
796035193261792836
5523161362574461202
2647799624325452580
7370978331390416510
3514673424235310192
4756806522347956560
6571781317620366744
6538443647362160417
7141802993318408302
449281008566011056
4727575337091140907
5361917850734611694
5778666308588273264
2284541476514007244
7564311863332219931
1750805924352506955
2974469231937924260
6355405774183689906
3438077965279975474
1579483431632545387
4631079078332864065
508752891271107425
4768796355970506821
3695472566473989158
661452274685439244
7019528347438910233
8818086244477898240
4024154481107683162
869669074279472913
38569185562417700
2347041776543172743
1691726802383479156
5894779109043676812
7749170637637979978
8487756366132064922
6387547002071808377
3728236805896672231
118091382051987403
3326787266954951871
5213364236600631603
8049909574060819157
8070599117308503503
713194782752730541
4338763680699653480
8167793847438099265
3585474616168059747
2317182566716681248
231891122103445527
2810162958820458472
4478899833939898863
5381166352998191826
230403434948473422
3514677805949947948
8617865679136759399
5919757991370094925
2311506707882101055
1754085579064668436
9022706103471702438
2826800717056830660
3580334671655934413
6910710404605819645
1680522777343456713
5939115022520443029
7789638837175930543
6659997381563602876
3562833108987715227
7139204232544411028
8699002098431116469
7351835545350763227
792952162398554134
1344516746355890352
7202821526910455391
5711253221460497896
4309679069118230771
7051335004008643786
2643033769804398083
3241832578478415399
6028797251156994249
6841640143557156218
5815537874294130823
5913889550721889392
7424257385442293886
7930138437659984993
4076100488533112279
7491454947423126603
8775600907018582001
1295735235565261245
4084344841593795953
2375493414550895101
2628774802287574867
5126527956951334495
6163573017445056196
4206229841317696749
7707669524874215357
1981827243927845266
4825476849952156555
696508963682907533
4077593263222953798
6303773116991646765
2224093810019590779
840150216040810063
7399400660980370015
7809190436269597620
8228170063334798380
5910968754895853754
8096122813557509998
1742092781676111702
4467142235923792620
5844003733757434698
7069731968234264730
4552347560329145932
6769867474214647508
1410310113327355438
8905656972106528444
5102682125430090427
546332115443421033
6323066526824843587
1826413888455928698
8694087461368705485
2189628648015397975
5717688826991091728
1785642259579628176
163090097237917065
4975281077921294670
6931156193929062487
9061161629996853201
987456531233288360
7309619694557766556
1599049191181559238
2706446232402108158
1984376500615695534
6178259237952637120
6033641842837807302
3805577192734052422
118274108895072072
4039529793114852266
9172797213384498988
1324071980719260940
3874332119093549296
8492641601327751231
1505753444103933458
442099308209166465
190486646085931281
554359812272257639
5681575460170492396
503256318194575934
237511529351507980
1454647807357088728
2578289220479082964
3920430774599281512
9124538111005573817
5166053617470474898
4495085521174373088
3187121725305453059
8937729097487064021
2757413096115353756
2816297130848193816
6054000733074142225
5522976374912276527
6253485193362781719
4298839170987082699
7986124304113631769
1556354970026021385
5434964915518415682
6641254638366899954
5159644006011145420
4118021157203959321
8870381980047547480
4886753510090367770
8580365844438018324
8262379623359502422
2136339188742010860
1571505582989376029
5006350636021108868
3143749813670986005
3019688714883450073
3378815675009651429
1586273844994195879
5223105584015550042
4846958252249718474
4377318799795557782
1100214800865314880
3730813069743501715
1621298433173146877
7008534610700356660
3693377441558510122
4030050015138978313
5599949441266445415
4803902343951333161
5347194152724901732
8702004738426003482
6098282459237543166
4052000844366563279
9201469153607419960
1786048178300685743
8953740672094027468
2563603462701841817
9016930895497309197
1223072813235255252
1038434017440527053
6360695564326122079
1327759098247997068
4185671066460464549
2582521031173977274
6018797694932494141
2563671848837238013
8289863379578473038
478891161680741930
5637189695700549039
431799961223049778
3020839495272976614
2818323700514531388
5874208563284691824
5984459315564114528
4481630808338691413
5232654696732040976
6636462862332876805
3673554826353670085
7716274967867840314
1574578333887513824
826428379795018597
4944674503574926076
7747648291198397792
4475127852270144798
576219140425598313
7717010531271700796
1618667080360201340
897634835096467372
117270153952673928
8158524844363082674
2289658673127186141
1480394388314369399
5453697455638310626
3719053362771920354
6171280057437158788
7922424867061169359
3275920757613545725
1042833209244381865
8241597416757963441
6655095992230387161
7580814331199426907
6036543037693487760
7525520176507926061
4797002461655590870
1008274019543862553
5170979786294765240
5432108665551260443
3243157666460013265
8118684893033730098
207173123808829184
972679243807275225
5427250547887935607
6010364977618676923
3895306794258042080
1161257489855493997
4694208513968550580
8716136546277798400
6916753259898764824
5549497932513379269
5905348531174272594
2388794915418139716
1384824669203435642
7668819653039002363
4113980621486956999
2986529348025140341
4815414805235037902
3622223547938779804
1216439257034159386
1041899582018326443
2841892737453118990
1000544948746868012
8229856259143404473
422595625920902251
4581487350938605255
1937037313751378852
186623537424456748
5008459923305853046
1040714092099822140
530158163259699796
8924117813515134362
4442633702244886558
1208922223516435534
7124440411825051271
8841272851519772955
6504018527711500492
4213410320666188574
6688754389291711262
4132658416469752677
2967948268324380582
7029761933978584967
1054796052008850855
3344646724682181867
1437067888424547253
6696346578778804102
730581039056262630
5018185359655847878
7117647650167730349
2411528334456656346
1170871627158394274
6768879498846364855
4479089151578151953
4673504149355112396
7443832627034144587
6584968009501385435
5138880504032409310
8192414997572029326
3746782969719070655
2446458747207317911
2445730287081035733
7492950440621849999
6762796643805774285
4321378658682022112
5791561383210884489
2271215417823346467
2913851860435061942
4966493908417797043
2110449623889010600
8377232970469730167
6456715792433463959
3076389900878791630
1214887168980155923
4770970774246086264
6609054745042118662
5119348409589332938
2418572013610754400
6839694219916454364
4885945123874966268
4338311204530176112
3423896545978527060
7260216144606094251
5043382191446317859
498655442578032793
1781823072310071807
5449450695456644489
6114428072807415578
3594570388671311059
8429359480432778723
4520374227009170944
3696186929227473238
2364847099277690774
4662630941189720583
4677941786819412220
484143922649246331
9164481016917980578
5888805442585931700
785765330586283683
2687212207376656837
8147618523037000105
8948787589414840251
420708311421184594
3926425206446392041
2541574119543898276
78381447284239942
5283850906615859748
7565685001826826858
7322011932130279641
3390309307608859846
1613583144789862022
7476401626913087722
5206385489144368049
5124235603252306653
3889857180797246231
6930716545086620166
4017852136134235746
8706746984302598158
4452895853298876795
7420206432353007313
4324365609519734917
1139997808982246926
3950027254513710560
4449471687060791524
3264154731177417267
2374622248303513302
1230121254530675194
1999208030890513875
7919420103781478605
4932006707796646035
727768735741931913
3545961768421861917
7875214288925646848
1812534971961766569
1266020648746002648
1012325732222993679
1707119537594228948
2972857096717087415
53769142039476276
1397330735262885680
857199260983523397
2395848563349953301
1799507797351973976
5268676951549275292
7869521494098395090
2714028249412679788
2388162585327763663
1766114273188483924
6924240872945969342
4962871501189991503
8706837197535729052
2951974386406101809
7899336870163575903
7629190150429257317
8052270221132718249
677480698913411163
8122865763096773950
963568771227733244
1953057853907931293
3239953903131145987
8781293881807875716
9069140244488733595
6731003873868309597
8902046646624245036
5285856581469320888
2922070099332903082
124472942772604341
1324701556364673924
3100283268843302947
8475290170928708835
5826582258917794555
7363462346231172782
7344056301565316637
8934429388644178479
9094787110632510136
2344722409128841526
7108652062015249905
2642362946612623658
6644447431003872478
8304011259154496430
164744068106913493
293091504641918303
1753550133125640409
9020560362245666449
5986193386090676089
7086893092216762911
4896738749616816670
8562269616922221680
1595530231620689943
8520723886684513224
2116639197361645516
2948969805975634594
5136588619357538955
7689303493783819398
8618059468154930954
3576596252536521946
5505845211027170522
2564098219394345311
4539432483852635149
1234337400935211710
1193232252710640493
1730612655590497359
6929581085564501045
827202723553340150
4732854088901804695
4418688185775412062
8615051190897302605
3291763425014676106
356333367744073493
2199742156570032316
13700009752439523
4204060456443177892
8642003191077287802
6970203208303425717
5492222287582919272
5079972434828613634
6431008215022914780
1051666307434121462
3001502738282323504
1503497039656255405
6619814602178981209
2903963500806292706
2511375220963369162
7766526571281486565
1637952607906024904
8630863934916521460
4667357301338858283
805609263614388716
6336720749246671871
6706390446973345395
4200943306459588373
3128350892936447895
6676400430629836000
2984650694484765482
4505145300571869237
5914392675483348814
3381252700915072355
7248980092365395168
933918463085371479
686263184530757618
4705637682012567453
2175109197690630121
4877791234742778637
3823880594413033435
4506012051111095829
4407510791956318852
4416150851005342215
1369201536751007311
6697146624354685127
456323166505638487
800049015077678529
5573336174066752314
160816033534518484
2832843454659840508
4200225708021243621
3291925202181962032
8498794602313306150
2988691939016262151
6631304001568502589
6718669738568646326
6807351789937603208
4335462955518959401
2014337412419504166
3665840235542768243
8121568044322273826
7126095333088413235
2272152642035900816
7783576096651685527
1793280054472633671
5068094868668866886
4488851229774220448
1577775436227199614
7407130285480487120
1101472438550046639
2709956395356816849
1743532749969113307
7146226811248274054
5249776996960703055
4825330053456662506
3549932730667046914
2676382105616445410
6608245037041743630
7667526813616437866
4892175776147153203
9187805667049456614
8039172475434623774
8963194126281588543
7396032257466350728
2256901307812467455
3292078216444631354
1322768770842038371
267996485863414637
4573599130756228079
9155203681266214296
4599972615428604163
5349944768899355781
4253924991980629965
8137125909553043281
3265579934893578386
2482432633063545819
1748332414914490819
5588740405338992412
6212026838004559427
4028270669703927265
5791849429504914555
6215804245394339608
1701257453192191609
7010917465917442562
7283445469545903588
5563860420510981171
8956906376470947668
8424323719721527250
7402821858457149034
9013964143714389620
8034926416076044688
283050769895300702
5441443563445666030
8096599641333617487
2989174611340870258
5383422693267452844
8214032193121877425
802255017373890268
6703897387382047821
6254019377888839374
3886948710595540990
2830745526047555131
8333520583466812295
3115078590190157434
8034599764135065604
6513461952119552885
44621737083834607
8853375214251777988
8527207599495683517
6503111845263820247
4695436804914175945
6805049781991077446
67710819481157642
1754524088635426334
3736055184430286184
239375793752108975
34542638171152915
3720920432221537857
3671320797622484809
8612671872005047370
8066918690570222732
1257441188501738870
272956418336405332
7269570888614530977
1761926752014286434
8271561770928642068
1350279921662131617
5458505227967772813
1679914110472795763
2653312731959422623
8413490256906626978
832467368645822990
8445049717036486836
485536740662624819
5955349372189048516
1192446570942606478
1066136820253052129
4673782278923814596
4770813116618612825
1358188274185276765
300568683935990524
2297937589186992172
