6699178501746457078
2747753538304609631
9180456275709884592
7514875116807142080
7269501222468817079
5294808478953695148
4898391966029516406
9178270587395800442
3285469330050537609
1323421170551220648
7019864624216687609
3854638352755476087
2560610459228125610
879979430308099315
3098308006120515673
2932960419271032083
6023186844424510541
609685032260893404
5989644634289304970
6481894340862642283
671558007930475381
4291672047143801705
4030481542667627866
1787846698394701062
1132848746650035606
6422226517543745310
5296842903440032545
4723277073288484474
1803781486443233173
9053182390228650603
3052300406385713406
6882266709158708565
6041308113858240398
8999386294596341071
7065645204663603005
20890848652117746
451207718874314542
342096996145423882
3964268786126255266
1035530674384365118
4296541883840466228
8688057131059076018
821565274201165712
8974066584301316800
3432619678357977391
3428086330607383122
4591591427473255764
7904234296619388568
3269008802373681027
21734566466341214
1504875768972670332
1410321867412905451
300581493185451282
2444384595967056070
7886830585118846607
5717676079405685187
1755832684670067971
7348617387735571940
8133340439762181930
5402534938315659744
2333100965020648720
616179707321239249
2503854083447074707
5015596205355989975
87433670181494980
7827565598704321046
3679743734978328227
1317640243563041507
944267873503903610
7064085849488111279
532126309936775058
2938541738996507852
536092035268493374
2517338831044250688
4716759627784079577
1601456388842795969
6676362953491983413
5682454800302402118
9043684814566009394
68111707883117962
2546653513346595004
2569970887120387210
2487962458254069688
6168564789283323151
1931396171910724315
8976591469738258765
6135149737147041326
8193136514139163047
4791744387270787878
4878279356811755451
5967237593898110807
7860718624906979951
132713222821182715
8177398692144415031
2899109945247119483
3521907760411669601
4042483169879387700
3962444109833085092
1076624296488717799
2518848083215681363
1769983045628469611
6123455617210733526
1674097233098378666
4784567010834386475
6993016988588062943
2811680019063535284
1387375273552960644
8843943631282656174
1167495767346080330
3074414064725106954
2509128240734736842
5998567732420501139
5147934338520170612
5361601214458079228
8327247359123129001
7937423297192119884
6121195339285276699
2541732057594176280
3408353749066693111
5559883264929065772
1315174666181135299
4956538625506264879
8273545653780566270
4577154863148068554
3075470026268191752
2003353701014149797
6391152056846440253
3507659843374908089
677212182946566272
5533092093476880523
124776404373103682
3077258912802406738
2309993236632164049
3765552209535498496
5749577126545434762
2930969782636111081
3897609035342212189
6244433243851753958
1991725066560279334
4332780328985540896
215000924873238189
3015811042023678210
3007738184385194622
4579935606709145180
1547429072239391866
8914440301326594272
2820905189352321767
945750312448462580
1063143950935203420
6763075332275850037
4117375995017209449
4640419588669178945
9031490846261254347
931929643412190198
4130285579126135448
416232478752564993
3507970308037218865
2948822470823575533
2588044346651767749
3648729067581785232
1834311828798079120
4290866510271249120
6032105080217520755
849776106029026099
433080529210863693
2044725115344236663
1165257615952220346
1800357390349307880
2350898210011931497
8186039956684911284
919440910417860419
4033084178892414639
6046192324906340175
5794769790825258291
8835686368003610550
5006906260302803003
4687348919040811386
9193203920136740888
6895674574397470813
352726625440769912
5934822466887692998
2116110595164972746
389405148586324788
4620910352416583098
3919399469847872005
8494114629041815375
2639741787654918662
1585235338048159510
5299516844659279728
6363628744724280071
244872578734647065
6145502192359238827
349989747454055113
6299077053884046631
5367108393389410483
5900189822658996615
980363375140862073
4763547762580145568
8908761285061152699
5355523751560422490
1899863073901315318
2323925656187640633
6226910787067210396
1139681676765003836
1306671076841393894
3540941858636889821
1279313370315963770
9076311722874274522
7048419110230876734
6498661797127051443
9223194323891171799
5294355432353907769
5380796341545616761
8151036261084085454
3406575967308608596
9033455501149472069
7680187727406279736
5305612467288194185
2151433235657419311
4745150061594879340
7435767001139904693
4340294509294120799
1177986264222848550
354770489527081105
1553808094268469059
5556930574682707714
2752000363383631915
7196320433268586789
5421543379079571976
762897769189320406
7024682182556428303
8667440748611690326
5138811210408721058
778908436211206351
6008840258210307997
6326958458411743445
4215296312678794820
6289450661863718549
3187270204948780588
1696631596298628066
6032706811602821940
3121728043472678751
5248888500242500059
7470817770560259307
4792960113973942195
734506712753956040
6546687674034341367
2383639169516496962
7792611278876319795
5237471680752631159
8132260944122486338
3317440214820538841
1380998500297135662
7871758169400728416
8177191505606739566
5467529905762488500
226099449016183071
2410319386882600606
2162190021156099377
1652108089101392541
2781096226362911265
5820209278323650400
570401737189091452
307627432272782844
923543459092226020
4173734031473277794
6003877385958198944
6991375868979123381
4876238421087929420
4054323463078375405
3690434020856354316
9188663821747089300
6694195121273270425
5942596952994409876
3501827580428984880
9197753065963334034
3624063338401041780
5588905938889676042
486198528035915901
5430431995049042887
5230556919233487595
8379769977770986094
3423967935297906656
2973986694230033164
4205987603648462577
51795724531312001
2441895183946772201
7900724048275829546
4133915503438169768
4709180602686638695
1581079753361186719
7584318548772318420
5659692083978240396
7875857598587802713
8345220145174199032
4721325457198522788
5777301208348523023
2293624098555509438
6295208216055470
4620121294321149163
167762997838008075
5032180355913449277
5159881055702833194
1853394325602160399
3043033535767159976
4155709843902604533
4123691992835120408
6157189728841273230
1224623058858209921
6105029501825934650
3019648451232148316
5547050853751312743
5099367362838730450
7662758789850531639
630681898902590715
1441484317566852987
3688461641355312137
5865109791725120069
6061139754518511999
65472784254725882
5052116955640626528
6759988963389375654
3517611648337985157
2723696910822049610
9177455756935658764
8760940134653721129
1691348999678826909
7815008581998081581
5021142468426564888
483872264089354180
7827889397502565655
3531030365944307199
6709051043185832267
1531652871629986673
2985241681301509179
7044144844178123631
9152384949055166112
8852226585048064651
430832065107664566
4096330593548815755
8864002525456432615
3431658199191739873
5754407115419865364
5786076508170832116
7110574399586545435
4077640264165948487
8193801461928013042
992088879882742289
4975170921859187703
7663750976371353568
7480912504434011828
1093177885457044543
2914673618413742954
8205090335315903423
1855843697626490662
3654347041604273742
1223531272623173886
6379843975839035047
2520996355695130062
4527199534972311802
5371136146777250791
2323408972290014943
767129281376819564
6915860843257235291
8787002581279771444
8164415660768336734
3047911728338610325
7448941745170923828
6475108014545825292
7194995262628030094
4271601876633584782
6709231859730729907
8843420213927680304
3757764180892509392
8260197808903215039
6690150011760332074
213363076775380971
4058291824431410687
602964283783665036
8999635862097705026
1414957336729098266
4811667395268456171
3257258866913640759
7355084340385695729
7583572321111424623
7121709661432797817
3317970579709218126
8053754204367325798
6778006272581588082
7551365825405335338
6233410861765173059
784800495130215122
359966613748642693
5239673692374572375
2156752172576115887
6802048246842488057
5939774554481200569
4151986746777286493
8682098648903855389
6222789051065303514
8031997738662730526
8911131334879507393
7128774692369466124
9005234337924105034
4364565543162540715
4700608685206191128
2099081637348452008
4775508869443738971
3250448948603367977
6490720549675237900
5788982564245978595
7020323969633858575
883924240073341709
7970954617843467761
8136144679682532618
7281009122662528190
5398469971250426088
6296928712451192589
244138063504900974
5304789900139236546
4594146176247635898
5314194270838158375
977927421519181115
1390297139795193687
2629283291434671835
287430132249706925
3242555133999575052
8800306583953417282
5874016713389950147
9089070516341667444
9092607565567368097
4982583955266953710
5787820759749028889
4782135217325110967
2408941913950915471
3469338388555654413
5496479738639594309
6946784184540877984
7198037654465078704
1512249836346261293
5313450137416131892
6585290383065159653
223498781287390181
3263652861850982122
19667264094446161
6142813453818210516
2783916892827939733
7609122199407752687
366171909980977794
6994425805611670591
5052203290792543582
7765429944643643676
2599675931679830972
6458158764790146584
4939909395958044881
5191517853150230631
6931900388256019696
7680394083216825185
180113104254551
4873354695253179725
3597987158780521601
881562828834494756
3735939240064047631
173935170596429757
9093086927689908177
3330693600674421111
4118563567840405614
8318659239056731227
7349328475869718806
5450624231943381197
1126822532322351428
3452622494251912745
629471873065591274
384900421201837194
1871159696190963806
4378437088441614088
787904883301604318
2240829760969516023
3361457903699477405
3347301865433069824
3122053775180540169
6917223440805015143
4917329998684901398
6464533221547098183
5763848883949418890
5018664273147576810
3803153814174699304
2142412375146688770
5114556592907104165
4385758676520082783
9145672844707101794
5181204551015832519
3083809763220446370
4224016732838411702
4388016906754576549
1890105284772173930
3354358363747068026
3910998541384953951
5716317065666471951
1714454618044230290
4128355187595745307
970746987635359722
3113932656283018128
8904017119732897489
4662254379309997944
6613671138803698045
7728075482660946923
1816018939361791599
5891970765090350863
8322410891919060746
8275509922384148901
8279360801056254548
3352010799572461252
3157339157051429088
6320916165145454361
3974282409614583528
7396294312167882812
1260179372404087140
8011318254013401918
4681636285097425237
6952184347933626269
6843264322558803480
1726488908783894521
7907507399174403299
4996391339288390836
5161801367340172801
8264896461101521655
3818906405755427566
5318829728135499189
3712448322351403529
550215353055844984
5693414614768552728
467982116073140345
5547630677828278152
1223321768508556464
23805661981393375
2200102877278610475
5867528911550225040
191761508606280507
5547861793763906762
1762410265959896869
7691443184505899207
4357806285757351908
6986097948661933250
280566164969066474
3374835761320090794
2730484304690732111
7201308299892974626
2206811006328758705
6927066073395552209
6637470709702547046
8988697810712149572
8883980282199174215
5184488658019292353
8924058206766793885
592006714209826199
3118048011320027151
4186585228778401961
4108627074487550599
5521915937868614067
474174072537307189
895012622477786223
8754250835667626291
2300742583342519684
1464796982625657480
1870916778161833172
4877230437484727551
1622672541594560496
1010517118071798937
4080217976397922054
8601435017645463170
1591486310209539708
5280961114988628947
6134075458349468731
8424679319239444333
126944360519650616
2852320243430516997
2967668097301439227
2301458632377390050
1390837919565915569
1601625494333187124
3606273143843707808
3999085971083660345
2670044511776468286
2964736750730168925
9135765478510394648
5497277554607190910
3489102983417372467
7003071834484219281
1515602798281392638
2059325650161385128
8007486931232511624
7207198488263089823
6001782626152859567
5519009293010798070
6310228893723237910
7595751386546854403
2307658573177603254
2258823272459101933
8691244015176737293
9169669589099198282
8244571920500335040
7945999914468875090
3953433757958128760
5253196660013227584
2800381573010715000
5552670750751050964
2578952986363498655
5988006500868673902
3664702271279353504
2968438955660905736
9067168594761270977
489569713001473309
2195887817779892503
8065653599588338330
6939577837478485693
5959436979752802531
5299114937727844539
7023753340982921106
7079187458801188841
4627019570518020550
4170184964316479558
196598221433535860
7415604181280601508
2507773766452086852
4855346715580313947
5028662656366389003
3216561468226455287
115601423803462609
7274396812876111350
4101691318769067123
1465918492976432868
3341423462317338085
4298970866859293846
3692259433673466468
5926804718964075931
6717209142812476951
6723242833735688730
6429959827940000631
8210500518324746404
6101050004155140986
6786524069364845977
4305015024268201226
550381064398430063
8666336922860775342
4038525184677077665
2652371359665136200
5077791340927680941
1824387673347522217
5984777864078877445
7529413333815916880
2952785359780380985
2334655963433035365
1147970493555163268
4713505579838708178
5434329755497005665
4610846930140130032
9095901516240435667
6784133615925699385
4724658664475934832
8473310977541051284
7799777584916744442
7081023611772498116
1097624759865571193
2118514871142974448
2315507568822985307
3471543282617421467
4745468823499343080
4979653406234048511
2868590502804876645
2585913793312875406
1231358026270412645
5211490130093644808
3472820348147326248
2365554180396031527
2476329908996361952
918353233616172097
3268788133456820265
2683181980078223490
3922062374293656143
1398450052323537413
7405896048147720091
219133413694279824
6736100892901052156
8518829334049441086
1329670528808504791
2464220256117009325
1567520081974636745
3840570001516250479
2706165979596605864
3791146417776272705
1218251530111849222
7540950696071625530
35764832072659758
1476849668300640982
591257417614963044
1929140151795061380
125817136255137059
3878240037958236614
6647013189220945076
8067471822814460648
7378672672686783737
8606447811277303202
2734489873058693971
4090207841852407111
5287138605483465836
2241323340513993273
3766421489470378436
4517960967820922882
1809062233683502905
6095049403002081347
7661048697624461884
5697879022678313786
512945507298098805
453620045830217087
3353114172208727008
3637051002258604912
8961266869169048734
3948841619874970150
2160945763920868484
493498965524681878
916418109733868335
1774046168147587155
3855100841637663452
4788597845072121862
4157813774465795579
1874788284948820590
569661646099259288
7462426931527890364
8713104267205414297
3700938837232869406
4097366430539583100
647042302602217129
6869410365072988778
8941397968273292476
3268076107466887798
6319889171808962575
4485031389644824529
4266245671017474533
4076496876316454402
2982614202641569179
6440696711634186029
273791411375981189
6998625179730033486
5545123131553732403
1005035001708197644
8510219335300339589
3084394999976090281
2481106732484230039
83156500691130870
2011567229470749738
858307241373795992
2609803470175392222
7906273780273359469
739946632024971079
2845846487013614080
57135587402236668
6935504754662116077
8958334745668520585
2293594360103147534
7316039979097714245
2705355650401561340
6510033216835374090
2205720841817662611
1269254139538944356
8500049315458764532
5665730972884825454
5839457131539248718
2974520611644783274
3350206954478944941
939310321016253902
4335881148427311774
4327680029753252988
1502863485232988912
8266300965862633665
6168044885182794337
8542024285736126693
4637491766967036164
1457306523663238895
3595102385681426139
8941252165153391764
1768487037092881250
8195172085758263104
2180288184408623640
8129002683369872414
4204762550618977833
4191956957525691033
8920275747913287141
3038785589595198572
5025324208829133412
7927554383539836170
2582851255755293243
8303594916190188440
3623522214524714979
2873253912927130388
199437971747775535
7674847412826995157
1240949064965513606
8762539089044219885
2649981312739580896
7438439806983110447
6532548526076756552
3649458938844606021
385079077103759256
2290134090778051852
3454602823103448018
8754663940330678326
8240743563177951685
5897176644316181076
2827161829804658944
1232648982091054854
8492150906929704419
2864485106270230833
3514336222809673485
3277812944225189978
8226770810243798805
5422131166683697555
1845110295429982756
1909692176109672180
1439416877884885921
4490245676062069279
1301848169399971850
137841492022798270
586481601868342687
4666094239084966307
5536106992831801628
6823467861692794338
5982922376914066704
3965910832654288688
3363466382832325156
7449050024616015002
8246618305519670824
97637702358900102
7869822319816689425
1170817587755877775
5149863264157582016
6404553560949846622
767758534054080167
3907473271589368699
654973120417404291
36105880108577350
7913615910144666099
8298409768054178686
6065614726008211723
5150927544982500963
3067690147536159181
596864000836757754
2574280991870043677
5888738683496506002
2485337749684636209
8845724867835106949
1541254726548628110
7439936603856544122
5293506005815920041
7692151360837325808
4388434980098637540
5219385304574843654
748032302759064846
8302299756464846855
5921400530699435446
6259741419773127572
1425513248756175871
2055267505521073325
2608769873656313783
280804369421776016
2476748368458326023
3372302288387457914
6772227982547094521
2607324569621253144
2339514402580194322
9134274314954897306
8801605732803324655
6291644889756768965
7985490037452936609
2843947664496284769
5724931947217292742
1326743206048740541
7411610412614806038
247669473157813855
6263062156940346050
8833665147062345252
1556881832731952297
6208777878768622212
5882757359400180898
6153330183005382170
2266924962453592523
7694097002564719180
2453831508766850752
1913673844277880972
2690519914128013322
5919957682726919204
5680867588683377677
5091130708377938463
1652227144956918935
4671922456950996811
5931006821484077312
5380444962820776057
5989723715797760122
705970621991238306
7732109027851888632
6311944228280608769
609881517822609831
25309469468949756
4431169129440522092
4071115921801943723
4611718050330802775
2500890781511628390
6331595541400135443
4778047777813905447
1414122974939344173
4725743442300572017
4231600979471045958
7352926986855553679
7532930191820719220
8982098832580167743
6589030658447531539
4457492632410473832
1830878727459806318
182593843070501050
4996356137942535023
9173191435332061832
4021655661569828319
5932283822856237556
3460779556068215190
49450779450504287
7106532070579938394
7899355802357862934
306279845888884451
8725271357654364475
2491012061519158051
5991104661130836200
7971661013522495121
2133817243551611279
5633030754715823693
1045651195549379491
8853618049489198392
815079409950460529
6929056199468461966
652244870408320570
3399117591992706059
8272279082455559112
121040377257076980
1266323351558677487
206053228901562427
5808739786016012620
4562591297456445048
4024736973306400870
4463589570240450955
1239129730847848067
1729550036015679511
3142361783000498813
1973728351748003191
15169624702102926
6205263197604239429
3786118162073869198
6597705321284564389
4742511171985596232
2971745969536975490
9038914491523602418
8550402461512268948
8632622384182798725
5965118589743173859
8789286805770767478
484706263486120443
1632920628690542319
3794474256128786088
2560505314529745613
1292788817625064299
8464153869992254484
8098436759860139681
440407061716017383
5393134582009195942
1921981280978184743
3508493667649175192
3933574523025452816
3815128671505045807
8849239000175088624
6115271782569638796
612683028959809903
5401053710635993673
3805705783386766968
3322611037299026219
1386944840770071747
8477395280669426488
790581688999244675
2885726266711439866
6351238200933381737
5141567410197370744
9214779197022003985
1376064962626978641
5006419913128027313
8151991310616063644
7863891233185952702
2844157830808860320
6485245314857648574
1459975190712992915
8691897125413738365
17435061937360095
6998166414801707584
7068247345043759728
