4895770321962643419
1074328420960591903
1893285397093880885
1198855742175221669
5155004694483992678
5149172464881247661
780409644542594250
5200724002123592129
5495867346394375110
1372368095336859131
8065749781363159827
1843636662612135978
2421052498264823804
1998114692795433080
2826017548106653505
5073234680555464109
1422940967877806314
7323321006111115868
7436467693291853243
1439426766774376770
2864884656213338665
7320955674449198556
5150793212234612909
8825668717315121807
4013244491792361361
4815923627804221728
7110264900637968647
5033417694926542356
220886444042618557
3324592243936906183
3061035652475001456
2261746681437926506
6291243323175757358
6404435334909927344
691320139891791138
5099459761110315577
8020623856123763885
5862808452540987617
4044376145218212676
5861758432912968989
7633628318276041572
7972206074375348450
8427062643680631959
4137904214527218518
4506264442375117645
1441805865719666755
3701494442197094446
2841079847584009855
5965739655419030761
1985797388752950082
8439675423397689945
1812939231423589752
4434785663015424245
740292310191451934
8541400291673977090
512355249812415758
708880639715627025
7352155840507307221
7518671461942457345
7452500661609862939
4690812637029799393
4545622872483995712
7893972752721895668
6669903539216918613
4845730492194802312
3046156825418709608
1969857914850443061
1775690129712625175
6467115201709458004
4156161842056956392
4053778207381870710
961461704149882673
1375253389445060282
5556760073271443673
5636969137991956523
6391249950002303490
2080295735091807224
731155799250131909
3199101054208339727
7127217112905763490
2396477927859511728
3159029776881797245
893142331945778559
4236718321378854036
4909359728691001808
8916749748005521601
3178462995031825703
6638251288096003854
8075905340725890532
2301268556755960893
6801698379196673680
3969667139062098160
8043410162977379934
425861674733315498
8915803699972361585
8259736346938300529
2445126409662614350
5236132909173898910
5166393036176334087
40290066944864167
5949871040501405269
5311931837581506524
4247468008076763612
48335070656723427
5225702271317250367
794106263010189442
1192912273377837298
2688048529081620038
579307757470030143
174950248666085584
7906263321466064008
1315425119309594268
5987184752790835864
1877603141231686826
2707367121886484711
4970964845632288998
6628251802017438278
6909484066038955505
1311569319630691255
1615333588374312502
5742181944591567825
886022598612864886
4146218295169353214
1298785773373630513
5507200066321646356
5156489755721102860
684166914840859484
5134782426272478904
3066334286029444206
158015478769579932
92662677873666724
406048482889572377
2508641767521694272
998961519162759353
136410546670762720
7976503535942447480
8189967297903819804
366652639017492492
6058759333736910298
8929354486595290947
7178505448248616979
8279276569093658053
3210047267827944486
9078107988832048121
8228380095868118973
4642195794915786667
5117078801877696143
2772400680945546475
4223843404343105384
1864153334920792627
3013324218987441769
7647936944312874191
461576116867095577
3997015889583780812
6233851644759723696
2648541164501643531
4914820541443083596
3696637394026902588
2506431427226015233
643325417000174659
3527338591326031091
5457749435258215129
9103162719239340727
6122179079645388996
4538328392448088515
4411833739929728202
2547750320969000343
7315361910728221403
5196757574538223325
134221602808975500
6505047627994671220
2071457269809265434
2786212948345541940
5374634363654497420
5435979239936715572
8692314457762984977
6756332011478498411
8933186766433283655
794489620861540588
5211729060605254034
5385190490489455257
3603172827740581776
7075711986655999145
6486240960495969756
4504159956098337996
8301902906512779037
5030143549167926057
6632328990992599895
6335130081185310139
1285199267297268117
8470245921000716031
3027990105286900470
838024976249307765
5339737282965350186
4613837678767948184
556933990730745427
2238788540354272956
4389820527432522340
3334810068287484634
4284013824854954963
8764617884353363588
7080334258494005671
3306174981255460003
3324217254678257952
6397392564361470847
8088963833502700037
5286773791568027606
3389481081833225880
139536050215938975
6005704093435503629
8534102083757043128
1880826620803371979
4872109074685999439
1169686202880950106
4933072681108168012
6549556881736657761
8499030593847893534
8654012538073779012
2074382390878660704
4265657113830999265
1493105863113477535
6506480388337670250
1538306147567824136
8976931280066824709
8731660991187074860
3992129128611304391
1535480947153297234
4378346531420834707
4495769873827449877
4210283096678763496
7469213026581901024
8220586155578770157
5975856452346718218
4134888459710809105
6312771757577156236
1521554477999942069
8670678805370127781
2610442715153849924
4178799632425935068
2237232001886494759
2697887610247927676
3980212895733952453
6821758307724193696
3659667279200376586
3752125624755239200
1551680231443512237
2827717291045109071
3331840076581245005
3980885011442455183
4187416852824956760
6296984502340549156
3209858355270650266
6997496793256522052
7074753153223154736
801915510671638434
8545461063086079665
4709628362515817454
1282895327132441234
8828381906507709395
190327655719833716
8150150341899432933
3293987272681147358
4420772956905235828
2593628740574351770
8253826055380096191
6905328935567246456
2104753125782005463
844542318490135027
8114143780556887833
7173917564118140911
5128773613052073300
3310199901534463641
691586730908064339
8939151924999004259
6854240049218318356
808338963427233949
8062481620295306293
1719222259020024318
3628703211899034451
4210394669510529299
2723181875872049446
7713199466931825595
3326133394372429317
3274268265372673574
3719002939293938263
6107109334539658241
2440602872885111828
2279801990416533082
8422462861304196150
2882470210001232132
1636480504297015145
8437836078872785981
1297843095562295514
6065390312191843589
2441222795186926122
2496289787554190571
2406663331582526071
4150036543002769005
8089687722644251728
7070852908182873777
190695878282828332
7995848345081424232
3867461046950815540
6555800010417569631
3644462886975715578
6887063673422599642
7372532659037540707
4202295967085702522
8589872854706187008
3385666169900326622
6990793950194593720
3464271888755035227
3407126249556240244
6985162500530115997
1671894518860982759
8569800973555904096
2146800167517880454
7280564423792733192
4164535458214302959
8171484411395332430
7839119781994091546
8885972624702569768
1729359592916724809
4359544592572845668
6239908751897864791
761591959137770669
9063132992750834297
1665044201427656393
8355265866529397677
5138570190145085157
5805262219706137337
4854733993605137683
6290585979359198993
696567400032964680
6582523161081930643
2562944799108537744
8051454838889205314
909048440795440617
7782131190844221853
8716719412718412372
8050177338507329237
5440935022307230460
1228016600168294598
192772456395457237
4063991787288810621
9189102399511474245
5126068643862146211
2762892933982700534
5693461344007763094
1622293846701331947
3703104855176002658
2116709970649528025
7010816945900928293
4944617074389297557
7555515456090816446
4119305045151147328
2766679544368124702
5710803187569615478
6756351209028108410
7572599057055900785
3502829748372852396
4384300704106258348
5906959138406987709
7263024499306460481
9201367835797071750
3851717318593445976
3206264506758815349
4208381322921578302
6999191458394316408
2615787915976763316
7005544021959847333
3815637214825149171
7434722470469266273
2321401588220040824
3253666270413292209
9183292859063862744
7530809818405357176
1734642342587161402
2456396962432936494
9071420980709079781
2973440162380319295
5398190092260767571
313965566747605490
6485948222966527953
8544664565832420601
1921974454431211403
3661622838380308155
1869019061279227522
4878826991535353604
3460892381503717971
4104891736335304219
5083228557604377855
2805587796773187914
2257207262435063205
9185912443065177115
717646826463729177
6586158966311330580
9024629826491365549
6692561967268495532
4876728819116885434
7969395670849558430
3736989350408666917
6570285973798894320
4680725047931609916
639992540524495772
2683807985710455706
4548293307430170337
99535785772564587
2200034270329078797
5281719890527957179
992687338578611152
4879759000871413904
6948414302840743052
4745868302094225124
6832659362276178284
2386700469388486407
7797759565062325830
8314148344413775406
4925363058686186341
5577451701106823670
7220653060326893435
601546847037221679
7257211110619458507
4084969305326070581
3254807573851715637
1653058008288977153
7986771533599581214
6658588117361362704
571188008073109736
579825216237076649
6820344967040608821
8019663580363800935
5578604565033247698
6958052175533208295
274375808356473926
4139806460996851201
1749452071870618929
4875596036852506404
5146883109605453445
2459971281728927618
914834989891683148
2783562338944403844
9188890741269159
4804177166686837981
768158877706015041
966688047718000491
8644381267952699806
3549644652663762444
1491418474991341359
319415162874761346
4296044474225180230
6977655074625640966
3987796530580309487
1805668869397961346
1015892939244055891
2488154213237249118
6534792385915985450
2997897655161979338
2268453825104277543
4792581886950363883
6859347790624803717
1632126905391528959
5023529899565193550
2351370540425127278
8621790137436107232
221720961342870183
7450066405678948694
4475239762121710131
6186936589540600000
677277191765892872
6437312953687569009
8116765381712542445
7118832883891968431
1454846108106346511
8155124914680792951
6429499060675487019
1655671281367331931
6366874929108612582
7874762552190085447
5770528974893229287
6040855700456507045
9049714108793550916
5652752381532042462
4080485906730324168
3172242803114765814
2440314925819870114
1575303003014879149
8132236661244124317
124209599193350864
8855203911433418368
7613540317625013586
7577038689359743563
7777860941715031692
8109662669752024756
8464582968472341559
1170797362789056623
3610231747050154345
2952595913630354274
4901649191270174426
780509008744324448
4282565550900786864
2104048433715461643
8023928125636817758
2845013274405596515
4562339325646936697
4999090014051155968
4668394305255575150
2301540473773281167
5698221296824064116
4771330213013142485
855248150684476669
2519226116304270881
5871975990812931794
4537088529982694453
1878771524220908096
5122938113622930017
5695514299494558320
7172373568859538695
5186488539188971775
2958399475824651719
8842061024365172930
1874655151633546102
6986412341304756225
571584528287908246
2293311128581848637
4986200386499557080
5933974481578256260
8737019564810799346
2673543799430495564
5909993192356782025
7665760960720959514
7730984666354009090
5281815624541140827
5378951243184917841
1539110788142270820
8255913322939117052
3080336299032942467
8334791228191602611
1665711380417433213
7687530607086874351
7912612524126992547
1120559685512096723
4103765434488758234
3702579497039341259
595397083457445419
1852673150569618732
4218451925301412378
4414944645381307628
1388960549706471990
7094553266161352410
4531614043257588433
8127298895000171653
6675579107073188047
7238582104160963173
5339728836989500479
641700071409655777
7229108214790447446
8154082761863903381
4813643877761230888
3507005613103947032
7879792673092075738
5829664162451189499
1502213834543013514
7887767411759256192
6536966311806168026
4684258804342831920
3303530134793485608
594813732556718922
8331016370618081412
3366922510104904273
5278610963241311396
7472338726281908760
8431158649595374921
7104947618223072771
3445610336093578288
1562760514918647952
37144635009040078
1046249333562434687
1360918759420435771
8060604408925978703
3970356610562358285
9097769454881797553
8879194928472431315
3004124172784738228
74133092925888331
8948681512223904244
780306719312524778
2631496644354320045
1745084943412334980
4012280160667919487
2606354806961691547
3009725510708232145
5942672140831287798
113000960261507177
8756777152137130306
2518895783229784773
1186753965077098628
2043651089238142573
5998683837599305440
5290177290735572590
6205659823879071993
515832341630064639
8896627971093357413
7477291895348543199
5255999204342434427
880757211613053950
5390598817757713300
3094622908350306887
8674624449274450347
8924325828824801359
126284250953067443
999915989647384792
1854792433191555426
3459056481463616415
4942968705492554595
4968948164184476586
7562755717630657097
2876108612106979200
1002938635516684780
6036583596146040067
6484266533404693151
3844959638509485192
5023874545860293924
127156196184137288
6803668604416244807
3412683336597608232
8005632183388033868
1080401006969159350
9044928456002273488
4646291083147868579
8419741905128385617
2410610991890653965
828284247471992696
587503159804933311
6506251013633282368
3621639597464720146
2397289391414044009
5993253066300969410
5508879909595884715
5525360879585415029
992216198929772685
250001366854872008
4887614938258984881
7459261405861815987
216387215049892087
1423984673610690230
6164185113165084306
4715854081628044944
5017507091821000197
4251395927473975402
6450510471420258132
99611212838618785
6265974342711070424
5495346324107288977
450970194841354260
1844989857518633788
1180774333198730637
5430100389160321107
5533454913710564807
8692739275746023069
3734138270038677510
6685621770958384969
8096204016474491082
6932868460626594070
905678511886155826
53354852502344838
4334647522600916810
6302936959071644424
5377960993961629412
805088587988279055
6143470795158134421
3041622545386903916
4386944739954613372
7643194732296062661
6098454796613503037
8319847569498294215
8710907170522442199
1479876383764696701
2324487009973596157
4866913048669497814
7682152115270546275
5964339285458657393
350075115052194061
1310624284675992940
5519308485028497602
409518305407623590
2041998112082664801
8155060102001283619
6502459515627257036
6204574888698622724
1399520942822427474
8614735609522023372
5485682413059646974
6168144944905667730
3649509312504310878
3494349631244195404
2527199284415713508
2246373241547225137
1836816330890339253
8089388774486609608
8182790229791534900
4047981591336216434
7928195963854395877
2996499749296595147
7422215285402153131
1137471713121466768
1640625204245684880
6633634835189277187
2369228580934326015
2258144251954084574
2377615341191685967
6286239323783960811
5740687769023306499
5050536236412249923
231500657003541006
5654075404903115569
5105695906899989741
6595457800585380175
6525679580625059341
7473919207782321533
8113748935980965784
8320293476169550241
496951781681053955
3382080370322805144
2593519089100827184
296805708127420429
7590597102337462309
6420616884155672064
1764386441638325359
7158635347305276753
2854821026785440002
1704091150613921073
5411179379529609978
5771983914474930668
4869645102130747814
2080171763752165227
9021415300159398945
1595109470655717705
494848359075556965
4583004313916152304
4743232228072909891
2807284508521458753
8771362239387575757
7031166848483425166
8013507992873920946
6038697139851895004
2010637458958240194
1007887424670078986
1987244811032449636
3148160036060478865
7198090935087485229
1795224889620899686
2216947700325964483
5589021358596057509
711940902556893675
1275580779513470632
5852120153896711135
540424452620943518
8730402414755990881
2668479033955898392
8623644601203864707
8626114943560703227
1109505746774276690
2861266095554072035
6018246346939638135
4131549881250757619
5450489924723341787
8110944485880372957
4838747247958819422
5351999786679996779
2704642251941887739
3262338586523100849
8280690715618739998
9031922292551201096
2399912737926878186
2021180300849338280
7556080394210606635
6672598959889331878
269482817982353947
7935932087680637791
3268147588881510964
1287316115246098963
1878184554545526998
5039303866110105617
5742272897223821070
4502604533037140879
5256796635484755201
7668210424361852651
5912365369553081320
1727719459732871309
6416929565225847579
6977854527367716733
8678942965435036416
193617868388844724
8749498598219768429
5416031629376220832
958702067415346923
3839846470940558434
3799686277688916293
6576736077461490257
4644792953753520061
3374332035261692851
2802885354253763200
8279352467032531096
4779472566508382725
2624417370490544395
768886469870424627
4777028475383015286
2686728633608326578
4114616820133094301
550939187508717146
8217196384467198720
4821043681134832595
670805632607532556
5172292132328638337
4846334997548540539
1217370667662833876
7549544132523151219
1637724526689195508
1756818879489594457
8289642704555942418
2474287064098133829
2839124990773759168
2659782600670302283
7456706991072974389
6984604975839596528
8450944736182035834
1394598969810353368
142475365464985034
8095171941340546041
6610997854609268853
1756424551723540015
3292577876054906978
8705534879197646768
5305123467870722796
9133007691851830357
5896757349292241493
4609883958123546779
7590529143052111730
1748248658934574992
2894829900160941420
499975491819067504
5381880676176106409
8369414048091945565
4269201213675124548
3723261954212260422
1081082008686252617
6967264362310058744
3164936626884666301
6684157094541537116
574204395373197839
682928760253964197
3177286123191605499
4501657502404206639
1698500069251498363
3264988065839868626
4966158622840595055
5768720685585166531
5112376706783413944
1238939928525157460
1933404997237501185
3487618487216808347
4772084644297739160
4879592621904092433
5978006692874707848
8171575074372427814
479246375600040112
1624010467746644267
45603065212243495
7906534675948270573
8272116456717458476
1055629218779666225
4567085934379920847
5117609047346699675
2643482192058660783
2185265629094979076
1576917686120735053
2714577285062520680
7829287328288311690
6633844572086417385
7439945755468892048
524993199789551073
1849358954900077510
6841991079809750471
3202105410417466008
3776013219650485494
3349683178133177244
3687499899241918129
183704457733338559
2615088751336865977
2097828550862783460
8230306436607512664
3265453497636878259
2302923108176214715
5565790587785619138
856540807364737398
8143855302919679502
5763116777446600753
8480209472606067158
9081353045752279622
1931443115457552944
1172391173573537203
5023472850852256749
762588312377602496
671331070965736772
4170489377905875615
5008100480204922680
1356825885946296468
8047984821215954361
1339585613047934468
7242809864618904695
700509386005524137
2655121685804705806
1598454899794450482
3759738900851479314
7701250219046677523
5835922274332401086
6604797213983222314
7661808150194296986
8513396434018856496
8852687864559665148
9125990026158618060
8253192956628597899
671386330780567389
6985734587309064374
1624352434959471771
3628861707432361146
4417449439268316351
1578796783817118143
2990066045529143742
7771248650633228470
1466064387608076311
7894094148534799000
174052444606504426
2588713104691697532
5355038198187951330
7336589628516371720
7466578922703683925
8459299511026238435
8928619392191419339
6029351488557610352
8521090897891813434
922012893507685180
2731506688313647682
6206206395733196211
8255994361605666967
4427089538840781185
4406782641886161075
7657349592445094563
3564297313833679929
31104378924125477
534660372925575571
8193173511066163433
5395042803676078876
7565597748249841941
8102762287352450297
6561389891134880326
4677473644794699295
2400155139145098727
2230173930459981655
7278866206330555248
7509751878913428554
48461536217598921
6629457206176287664
8021913531664271595
3877795006554685955
6893038813530400396
4559443798127810729
472805117371711491
901220025006585598
6102069406215645394
9084707253859243871
6454865176310180602
4250677544560335459
4093728690587281335
1552022588744826094
2549414455139806575
7367060341277754787
7434448479919420729
4219522074817650627
183118980017439181
4637529773233573412
9011430610834350762
1073860560964521824
360517148512098861
8892249814461375254
2759417746793032904
7995454556647025040
1642483253451360643
7771004333247631410
4217593175428160144
99188665329227240
8283712361168709249
5959259741124357112
1664134858521813384
267692479916068603
1775783591238089882
1982041467159045675
8006974495650608035
3083539874204611945
