6899849168863363340
7109888647967303703
453550976748111456
573586692195946040
7605258256973469636
5299051108566415901
4548930967040838032
7352507088915335367
2111625633429090455
24623244633507411
2194351879928761073
9064886507680078907
2773890404252208631
1791735930698948085
8764193607528792741
4920292119805465043
4272733616588442693
3304605750657261062
4610702536723697590
496103835712658402
7595836404902782030
3993269860527885693
1619680139403522210
3044395347156676041
8006806298132217039
8378576762047094779
285435964537271294
1295656314930555801
4140767578897732779
8475893475774831267
3663007949386419618
6173830585011744978
5098444408192507413
98395102762568978
2137668736249198162
61323611539918148
6733790853244065554
6126201703789130767
3147656390568020595
6947278296116553487
6595301038861201338
5028489358632155312
6384044056324194138
143574763321471791
7172359092126930637
1812834567746852386
7033146394474247001
2797341714884035171
8208071593345226086
7638194439703617108
1086340428653987609
6619255068980052120
5339868299452011314
4379131452665312354
18935886766672437
446431785904726811
844745107311983282
7199588554945181331
1612765850248708360
736133650881010126
7497507426401393883
319885508651117029
6041955873840876829
9196844256921696603
7000877548377652282
848262725165983764
6982895644947194297
3665282358962778297
2420432586631777766
3351539021813216768
4866372270661360854
7772911697653615217
8651027131755387618
9038044308971746548
3019959525946624370
1126572632404280643
7449275428175276293
3824751613683914580
102633049785811784
7201973471299482093
7877253467774308633
1555631980149540321
3852872680343623166
1241791843292177376
1745348602563551854
2716548335713926785
2708152805494768794
507261905056198985
3309700602229417993
186510261888279267
7155145495219500318
5609208431303272452
7637076127501559072
4323940264838919253
4467615291314945727
2181980203595374277
7169611909694228911
8348197079650552307
1237186545693373067
5148235872419862824
2853967723159266082
2988519813375232733
9180372378286612893
4018949592509411238
6371245456382934922
5052082037753330527
4221277144965505056
1531597876777154871
2429351023712182181
6612925325464397804
2488906832966555008
1733075409424604009
666724777409455535
8820867563638459802
2419821204104132305
3048933792942101834
3175670611397161013
1487204807685426026
7351866713870783288
2370762241754771330
3329979540562850471
4090324473808583305
2909349672068852928
8461964947010450108
3227884633896232553
6022585390747623856
3376673634898583554
2860227368252616858
2293969310104909688
1389043740559190486
4999415024135204543
7307076813586747828
5328906892956817002
1021713853521846834
1561272655220856612
5887967462340924998
8274793299436178923
1790846736014996446
6218043925079169154
1487461223275219073
4803408986706991744
8028731920118208621
2815647817232181316
976277229004630579
7340616021300823315
2745590322907449764
5775967898467817307
6179595076136823394
2625983059075166965
2894001269320295128
8291320139191410909
5227521127627955424
8619746713733734634
8831809002950329976
5151904745242473807
7061113819695091734
5889432007252789572
1899765078997714358
3314275075128636967
93945390114826617
3099273085901723098
1094039801969927258
2631833230422217114
2698237631453825097
1027807358293098917
4552688992656150480
7017706592056720904
4943601696123928943
6335868764627681722
4605885010552579022
4396994597631698703
4475849045786644484
5660551650155481877
5556007206385073985
5975856918314946673
1932226871365297291
4252362969924674188
8916702637139688440
8993663513886878954
5465686046249507349
8516747647242629525
3783518290420802100
601674356545170279
8403559963219826104
5541299639682107199
7572143116952780376
4939047035844274022
6941076890160378895
5722129357627993830
8718323593570633980
5493209657472135366
7435403519807985495
2607702532368110072
1479228503078901928
8085203492520928712
5008884938021164926
5345537405054689194
1242662631796249661
5981377768255108582
8803142783880551226
236840268946649970
2654097330247159498
337237415876703103
3157189198507738001
6900613146564834171
5297808008483173940
9193085830512676036
5876226300634779106
6227844345913882035
406504354633464150
5846611542976249342
3359771040374846461
5356337499972045046
813739693858027981
8324650171376361097
7378955552297692338
1305453910569303089
5104859955437734535
2367634078497532941
78314910501005237
2137222021407692001
3351401060714663494
8347590470906046211
6699604802114278631
1485116933116087239
6140873361172033669
2993597583084855335
3754568802589551413
811468171220678994
1410632410569278743
1650411402927157472
6103483118844733831
8682178046005722397
2916609504364932187
8966646110896668141
2467628643391166863
4451315867614055198
3862454835976635863
2819293902356627096
5207577053426330677
1404601262015049808
1365841910105902241
2650334291316554213
1514291307825262603
983527972001399541
4188657650086821033
6868392196695468103
8383908130607462180
7593908019926686829
9207072457619416450
3088281700968015530
3603815773640118397
1871810374857581240
2096970979302049949
2775417166887348505
3535279876446649628
3190137484780127337
7220023506041145746
1978399558127142818
6418890765835908323
4551590162424135949
860679467200003447
2118007577291525576
194476268767915544
2753535141567548781
7850535744145674053
6074940770885967154
4122073096508450727
483278473490814669
8921259617668355533
4002356243794124997
4759020118040697603
8179619866330821327
5568880980788280784
2761034552289829593
1891799611614362380
6808151572462784976
2901978303803700265
3195338989817615170
3429019891368939777
1036193080605225490
5845762323071035107
5174974666912612727
5537447621572519675
5973014204048851480
6363342716705655248
8489913697500506241
2494189657059781912
686621323492374421
7869171140573086230
1155173628136949610
766596004499526193
1696036929512661343
226856325377301987
5516128800337486749
2202372843002595252
7616361769910750131
8807734328837635228
6394586114344831732
7321616510861227688
601694316396305751
8464939497705926669
4430100097268792028
8185949848151998692
4777453493497703633
6420572934978914644
2349456457446153926
6963166880064221799
8732132305983923127
723375725480299402
4893446592601918095
4113060001950889279
4893558654223102493
2288746680184940945
5058826006058831058
4102669017926784979
2572445667226895400
943345344704522801
5157146753242300905
2799188429008066511
7312610384558751008
1419009568451716397
471720094803222039
1410270080530932975
4252384926224132259
2886132638416710596
6072990317772333391
5203094066214526497
5766651604107923758
909682252298397052
1636024359508675314
1555297171528716280
8736012126653999272
1214135597836839782
4137146170538156229
4675090231894838084
7892259206350645922
2982014399945967901
4692423637584523021
2866774750512938980
1436675996507447607
5363573658647686289
5222339246584425920
2471193899423883950
8740579376785268389
7166821047813144623
8425875926122496680
1401115966015526379
6310642000233762397
693575600077491559
794132413883750505
8124841309819861750
7585535362095441580
3528301438229268558
7390174140604298718
4003791223051660083
6989207218366399094
3265600777503503527
7411501025422454927
2574885612275596686
6743246345924548777
8989245750537456360
5605388910591431349
3025960542468442632
422755352377002851
5192158723909222557
4434967186838406150
3965720780435195051
5593136951828549386
888413537553130267
8753142585185927125
4881856137101240165
1041184024773053368
2877971403132025000
2157482653490712550
2054667118569727123
401214777441754732
7251488836452104260
5663789955160309689
4594747464696390030
2664224700047142269
4036491421251468199
8915216037168531906
3153963237826413302
152324760258685485
4716513920471954598
1028386702148352324
7788227290048891762
2336342741127626544
8102895045432701208
5634287003768044100
270472372113265079
1263301233888495102
2902968865909585311
4929091326487205488
2239023418044247079
2412112389871822805
1436650529174116649
7551552578557699866
3707611431721240036
5423042970624781263
3503247978170323712
3723942089382912296
1006018374868521142
6047462681799534630
3494732633771084968
8874928060780219629
7753617759036735439
9087728988957157239
8446310271527916192
1261294389663717277
8802195362400423306
1644109238558266577
7079316645410886371
5733620319168227678
8995145539082166109
3420472468227252317
281629615108835297
1728369471308671233
3446010201297421108
4615269153588744179
1291157027477035182
6168294654512596039
491062474409678347
1351974476865722946
6897763973080923448
2603062898825860350
3606797039023027735
4555696038131618686
7382261288619425562
4218895128523679419
5106182787875278991
7816478486648780155
8948679636572026380
8472029245388026872
6450017651291804570
3169504042568320393
7533363846951991397
73540518685131931
4944063414308202840
7968466194538304626
7769798444004206222
7513333971977894188
3257599926994210790
4052131150540125901
2006768588875975451
3305010357781976280
3134544579374849966
5622120963612162929
5828454473235397097
2076177849511947432
6944478690578908500
8709328935744238200
3263890741896611045
1184607676931034739
5210041167902640946
1875443775169051176
4104592315253821469
4938988733145147946
2536187830737801345
2414424582095736954
5826900513587443275
126846335155666205
6741165797019393035
5060422859514584128
1254915011278673449
2366482515856573542
1467370865396918869
6369853842811509789
6796817389236756606
609818281920145432
7190556186943940362
8755030556674338515
6125773839595936779
3218825534998676431
5149164363993457687
4807289248249247479
4014047192557826837
6490586563601719320
5180285978066879088
4850262941444443645
113691219933336163
1748699506356010244
4318574907701839939
5472192616048205115
2969437220226417801
6776602760604290555
2861254384197888674
8477627440895912287
9200306529403737954
4793451938054799013
6929772876965733398
3472600107435167007
2209205180834317056
4301463077123233454
3983855403348626750
6322617000598609709
1076615682032070288
127449005657324581
9191364794545204910
4909876045331390181
3631387542337733181
6415690529946489102
3181116577882628075
4311486983239686987
8868873445203855301
1367609290807210622
7616047340851691910
6585990906418846957
4674974865967223091
1850539003392538747
589702704742797839
1743184144172023246
5146929378123902941
2925150218141410027
2725093602357496404
4794074654925673254
4600202750765451273
3377081319191182262
455514737133796398
1376305401067612980
7879135403175203828
950628827762046156
61768835497660269
4563815403345584849
808146431972782632
2043463704365542006
5888785765337147472
6616795937776185583
1473542155090055366
8915369548348525807
7310931917461621081
3100380366825992542
6937867279244128584
4505975603729509095
8615638661604845030
4327178334464514284
28064124210336406
1353992258550898682
5907585162202268029
6155067632612885971
2012409026397227138
4566033636021298994
9052695361192495801
6840726066343570556
5059992110183408783
8805837815955734954
8046007791266933067
6232753147076934755
66624774192699503
7642359708392792590
6848301948102460786
678763240909385760
5504043068155160778
7007655098754940080
1916602433087143217
1961126305859524618
8989768444072015463
2203097418924375841
5336628571004114753
1833076067453205710
6277990744081074481
893616520658642632
8178662167031997368
6720133185557527124
3740169912490724062
5797726145510093814
7296021944245258774
6559383025676684878
8257826712708921673
4411361966824112544
8695086281928116507
6583399580463553777
8311331693760769926
5469366201698333744
8135962821732407587
4037170571563820094
1762560853643944547
6185359042988486365
6537681672074051877
662747832460463091
4246839368375372419
2127422654905360841
6777708630193074505
7720095774387100183
6004520958388927881
6005035375061089938
7394790603911544632
6976219625192646245
8983922571240309949
8543920186595378124
132736851924723833
982348200435086600
3997227346159324080
8221287647263234158
8110945151406044322
6526601424552131574
2443809549664475002
3678396707250173637
6754003272410049104
8422262667919740117
8970579370816401777
257042597073965511
5829218338216006659
9188093317017165317
6196449874174348153
5296510092435059043
2746276265393410680
4850927438433540752
1073875759469080414
4694881887553991327
7247019421610313122
5685399323071847982
8665330725773415205
2389929483712628691
6707676451204886256
1285276258925345084
8285139283934689206
8849827101185401636
6828827281950632274
230022003670217523
2017311340153345365
3657059492523314496
802819260926393682
1021712749836470478
5980172930421248495
6181987647691020869
4488202095693390898
1997957697129462327
1078678061500137726
1680197552366164525
67616628282967549
3073950493039515340
4293784472363154634
748625176218696553
5749624073151164321
2177535202553361435
741268909446699533
5587758119099418818
4579241148985701152
4070554836491111633
4108579204337936997
4205682751486105695
2698116848516862618
7775227402438279068
6300935990550104989
4312455907935057940
6891357840492507884
7594131033733643838
1248582094504727629
4538882081676937216
4360214598544145421
6314433561278352388
3176626132261346648
7201297933024465764
7766411888409202006
6144818280176084884
522103503711294411
5882775193988802367
4383741493883263361
3725364644978902684
5345652086415968552
8080123343346289717
1880136228193262249
1876323080158904722
1947889256207491872
8392908176828756564
4317868924350762582
7123255414611550845
2978532973147815199
8267533101012377303
3395074287182936497
585055869680327145
8720533821099463508
1631178896986543054
3765917303750693989
6779901532218014785
8343851461923056160
7261024313613903358
7150276851237532460
5501974075676337883
4827684979385701305
4322861040103862804
2373953939145035984
5615373542832001758
7034350333737307861
3542763938239607030
7498735388426588962
7999310855589848020
3702743011324509042
3332696113275014248
4566025457201185280
4754228053525960259
2628053695832771268
1047112940241994242
1281726671951476769
4707891766237140076
8416936570368961121
5530858621890151235
7294458282770429951
7492082287091577938
8637590591925675534
2918109157879990858
230619538759995560
8515356689668748529
5134198076105085758
6732596153135961720
6563428011355909396
7935085408638775394
1683593405961915162
1764532405196110897
4474854649692917924
3697789327217276462
1360909715006086781
4291482326799556081
2930821375647949916
2587703151295728693
9099140046353830658
6213564682446182881
686458843127908376
4460813387070653889
7025397860898180983
8783971208619454538
94980531562781961
6206960345225761250
8994234781361508572
1323378965714346221
5537544895033512189
2803574866944611629
1530729651350763789
8246637718821593012
5251531872036427018
827427569813081416
9000356971554303122
1209632407341466167
8075385215694117118
9166511869199977717
537507814420993893
8740615763230598322
5325383947028349005
3969339045686662091
6389941495195068051
5281186229970681111
2822278503487510819
1673276562447506139
520983445797546635
4715497599558777827
6890649699770197347
9011705460733865137
5877035345390402839
7372897929442771830
2938477524841008156
3401065078393612934
2625010103691548160
2308460015134464409
472074091692739473
8911455223495033012
2678804485896170425
4158764394386722257
8472398815454313045
3394351636827513008
5966522282581023504
6235388909520805693
7790429245401312256
8014243917242573632
8545448730585112150
1242170795066994755
8710311082761192585
8135860731963825156
6457932532307549668
8111472466656650329
323907689660011974
587262787113027379
1090263609232076766
4002795653490989914
2327841061550558196
4185690459355302667
8718790846961288190
4292371757618936201
1961257256701243338
3876615615813749284
2772073862046816392
3570432180620205062
2191881728527260688
4236112552656973358
2230750777351849254
4218415579656871702
886505529533624751
3352513354987111924
1707903328982289956
6468329261910561990
1466248092516859548
6407438240261828041
7640412282714102080
2696325329350698732
234463216980880107
1228497483192685853
9120167465829177197
7852846564116756223
8388476882033851755
9076329912684136355
9111380928033713907
8030302891823388248
7473228349706301614
3338340859515749646
5090491957264094372
2862508884985187391
2540981236118491172
1474167203593288057
3472093841357104660
7612460053625207519
171622924557447445
6899613330194214103
2290412990746703036
8341195557085058616
2346740602370007385
7554821800885414201
8974730467314780225
4784408525425221127
1426236574379899896
8444885392094526878
5481973136663883296
6218692618251901070
7621660284811959418
1441761415735834057
9018163084770000064
7884938719359875455
4756421406454219229
6690450941596823035
5416098375893844485
3958684764063167201
3949504697642732086
4850931504012134499
1517978088462372879
6395836877699494840
7607556670804208027
8000304302040815820
9134666167667132280
3456468901554949929
1311797732268183288
5151056685978394555
5205815659026173470
3825611061269314765
2516470218094303687
5054335464139195639
1796255145225391480
7853409466123528419
6471155634254810773
7379852208247178872
765616155985616106
7619860915378109226
1221996978749370842
7885617460410642807
6556086880350362832
4769073976043258997
2388833863287313460
2365247465658823582
8243524454919195917
1106276878029740700
1370586833873685410
3355522621519871653
7539165897362446346
6958215676532085976
8036199409578189904
2436792259665679854
6325497895694346591
6192752282003890380
6716962475652214907
7668928352543059875
771679393837086582
7180621790200065626
4371534563654031289
6096121227808461485
3798323170067966077
526860537708458323
4469244019078808455
8449163588616913963
4197672176420619637
3157317199607762051
5327540062813322374
2578323840364510129
3124335576062833696
4867660283786254790
8406941962186335110
2415833846380829136
2984342660191274825
1772271770566250869
5624568238079693158
5245952886100218053
648072784038917646
7986299041930879922
1318636486658765604
808125055861009402
3051789732461914304
3664653092566487682
1047269204577604689
954681923943892724
2326838808079301374
4696902935882910593
3712041896476010992
2321369057798473455
1785812179873574503
8105165814644955172
1439019513784183201
8965054396777687204
8295515406356629177
7333820794987912988
8852157156724502630
1956210424537877278
7080029729708674953
8705740041339027073
5378965501130129753
3942881051214738728
7085908957850463638
6844735484005066745
5731716497269588772
6079796030474965604
1108300410383798595
2524675670292501646
4138259188742701927
4196023978294468232
2377856036366169823
7242386922960052720
1610136134199692974
1514106274591122892
3876840043654483783
4269149131073926757
1960037460081390211
237424449006377906
5474933865844620837
8882874807469530710
7954035933307155335
3265695324823134138
5422961339889230381
2852585348827335045
2147500704742364499
8027586828186751330
2041060129231092805
1741105598180717828
711574604243738704
6289851995179510991
3771088035515233409
6930107432761936039
1783204534693206346
8238624817715418175
7281154029284830931
4150652387559318462
2902427956497871376
5688635827180483901
6800690733628259587
3567399562291459094
5043288211919873726
5089467698908367156
622886078207917621
1560028778786081971
7989825984285463516
3723508871715764232
1139703311907763210
3513997505127184227
5712102025339315580
2829400012200584170
479466805627061518
149127328830646416
694270533437597418
1295018150888619699
3257032841803605068
4256068918004209101
486138005627898355
3369520600196704302
7978761789994384572
4499464419698716197
6874469259268296334
256779234549708233
508824175567201617
815500987989567695
4173952826306247746
7439209826868070076
8924699911442649272
3655910477949792515
1585868791911043869
6075074376079549844
1382518833877177800
8183268853668523814
1375169483220004663
7405802217159264828
748121049342868506
7945567364140717173
7666191524640197916
2940450915754221403
8146315161026332311
1060167962318386290
3073524641513976709
5884358131926040533
4404291502925670027
6976899515672192532
83562794190166168
6533217086536802450
6151955199332052643
4799028097484135369
8135682799479635137
