3410664333420075601
1540324008086493145
5995006501976987948
4446628618293982381
3801109342210251985
4132812565802838346
6901330466633836959
1259345588079914065
1355495264755303092
7364176289539087501
567751622810021675
7408294919751740074
7313190681523270116
5577656352739783933
4876743495775155885
4713337725212102544
2987167053118568041
6374159054700926942
8605070339250247928
898072423895557200
6286066687204784470
4561475881852403738
2044629772205454854
8829878549276447842
2025569884853929112
6682269247739023211
957998957574876598
4117478864939213989
3009296977292316461
7924995306762088245
3348574679437655344
7259273933077259463
1902516595954930419
3911298242814866972
233059861422151116
2015338428894446594
7512249457663287762
1101842643946735216
888062043415042472
6632765620052449886
4687350468526730044
2480646491804021447
5402824953250101817
3559661883375773681
177758969974953813
9218481328761319014
2720504563977616076
1028698431020616960
8233425932494967983
7748214218645921703
5984878307038102827
1367611846891549840
985127862200632715
5695859826114303074
6914196220774864604
5619424605636391253
448386277879925448
5661179168333757189
1114718759913641363
1929713788603940250
2900870389179538701
145060922687776450
2094413263989404375
8392252443191477965
1753674419915441849
8806104875785757249
2921745987805683420
9064327305600570358
5550992284587587565
7317272387066433254
8542281070120695972
4697462632057353953
7259688010984434885
8805708178083154049
3629154535429765542
5044217674519722475
5192417745775847928
5292819424706093368
8888792001675985152
865082111826402060
7575328827919878862
1636915974258826742
328116875007493954
7378133193582017250
3715526371613951086
341739860301652483
5996298849481170913
8060529466319349071
5609644293213431580
5253169183398336342
4015640595785088155
4790440874815209061
699331387295862431
2958258527856670227
3878964706780753521
2174090629006281475
3702544929068697499
6801411373281349503
6234714212909733503
8305630683798683130
1376737048497083184
4305320844388864899
7358799779649994125
5871728576677666958
4632243151745703193
774426425304899190
7235889558535247834
4729889156050490732
1906637879388699626
8791896781716883665
3484401228789160917
3445060790297969865
6876977258407573935
597844192775031020
9140643106501846184
5690607316507060554
3609419573788475962
2249022946160162229
7957388260603340377
4387452045699888357
1867146392584024858
5355315356143264874
5805602566204367335
6439837936825080120
2353492627208937787
4599091699753731560
6306019428089052388
2375166324750644519
2842831360467386686
2103057085814015963
3268545802569536052
5721963705780741432
6308438119069390266
8769128660205623091
4655819371816828174
4212305621519347707
4421211809996957721
7089036499361734011
6354824786135480512
7084045512377141269
551003174607596082
4071876084955385794
5299463958886717488
4258034503678479068
5951162661423883316
4723587133705409078
570251978356208841
2465956315146620535
6798179457287221106
8481742054401024917
5740548499003937795
7666697721668896737
8627102038543543702
2658878523897767088
2405017268984317925
8240441117014149151
787939752906097283
1238364337894110094
4610864528108615715
4980281264761842150
8786701557930137569
303833729331686955
398518460722899865
9035009220625471313
5558944612592732035
255391599342666304
5505640858905447666
4764348024918931190
4614859642688978164
5609367381370321766
6012358940732127405
6798311371146223945
7041874954341464862
4118378569875540706
8450250156239835348
1897195919720668129
6798721889145893755
2924879503044692284
3898633915987730382
4697962901494445788
2604408929295530538
3051278889102355562
4895355158536090851
2327856867021295250
9176629243970369702
961193097579964480
5729177011826100982
1088900455742885658
7929329075726206828
354607633796571122
1626706518254141396
5162272105283658251
1283504874854196318
2203763499019280549
1324791072402267212
7294999081724080944
6380298840862337269
1247951585906410955
8693430158346584794
1448442171863763618
3632115750424866875
1591167042352104786
2064468008528022745
2284366918196848537
5429137376575294455
5481078443457270025
7126987603753688838
1441253518148579733
8691939183219450179
49815651395940265
7087645563693486370
7396752380554456498
7876642157828411800
7912562452597253070
7636655659893376439
5508544283775968202
8251041732471597113
8718465110327073401
6786993978574013136
178810298845380824
105665963680803104
1531488618179766035
7839340229523966817
814780162480494940
785731245545893973
5777350462395734351
667838633166504709
2588398443043589730
6090134136015086522
8004315347610816673
5670663519838522475
1822442170081859164
5752847018258845525
7633253912125933224
556676578422679491
2034479617444019782
921055277404442240
2718035624927776594
6375642617884190301
2158077724839937389
7534130451569575634
5246154310651779195
3574564225744037395
7619487125640179219
1565155881315505624
3254220430658154458
6337084587719613536
7164975401105293024
2781326381195100106
8217173981423685949
911638625517741559
1035792878809106144
200379969291980848
3280771276933277375
1131855236956501961
898351423054409526
242115416189376797
2255247795103541284
4924830066363355387
1271898427513458526
22463339617872861
1358778134392327372
6816996816897151841
3776196612358197492
5211355342983447909
150154351657153854
418817307996114250
5696335943742726541
7454334622198183660
3777790102311701156
1092292541490747654
1215608981744033676
2320511940395546987
5979817361569599941
1184211997526267360
6801131234760884926
5441285572997853912
7626710626316970960
8996762674579637954
5719280329716291264
8578296826790957086
123099056704437606
3148723114197156848
8750139595183221486
4449119194524910734
6812849304522817104
2994216195719828044
6413810275097852023
3703032322321798346
7764513372144005019
4973548242283189979
8727629300579785608
488597040920903834
4693224713900950522
9127183795303433029
8651982208675253508
4964381931977908837
7734837443948050451
8252012993370445894
1896876007574885714
620947974511458655
5663551379648132475
3824405584842339839
7034389550572044810
2964412113057469804
4861204475194096750
7379608593312619968
1991895845884387117
464679173862327412
1386599505113449809
2618163610416972676
5421358900295676720
5026492138093943589
1347984615519888797
4859262745433473760
8964420026042985365
7329499339822984996
415321181505645773
1245827226492372756
4191588244677363723
3824882824216313619
5357600466764814986
5528350718546045441
8384252571364124769
1816460006371770415
1205684112667419817
3738557928150996327
6147779295115064049
2082030426727798760
1277837522631947552
4683841953056462216
8441645467168489095
8976143982021026409
6472459328402859948
641938720503783124
9195716522279188593
4409782000277212139
1666402431029432542
8158945890936363110
8511868949859244847
1404768463867212617
8961353917960991749
7816862397248482307
4565630772338638834
4324421828205580760
5588459879512551282
284204649790605574
3166015940801944321
8894617210400637844
5389355036454228173
4420423804939740484
7228992977312443911
6822946428120026286
4406162019836040127
2378795046954091813
1080777760386003332
4328954351992285028
3410342903376236375
2488832061825736384
1453562108534063731
110492066216400713
8041230424550004634
1357990795950339419
5287894575089848603
4465322898917828110
4957488378318859137
1929150148968590883
4485134790707984659
2878029084544356259
1495352565515828152
8602209550087353804
8707555467719824994
2165361757267149424
2683867576336733597
2155401037021898096
8904835783072210905
2441906897772263716
4321915867286603964
5363439825545539181
7512417383818295296
5053094204522941123
6309842551404433188
7144986783508453188
2270446103452473932
847835071578243670
2281373843085481769
237005347723637829
7003274207063502849
4357685649805311382
3801854903538345734
981655152766326277
681743227943239886
1595340446906989982
4957227065793301206
3327637505994627816
748242251154151000
1612093323463562046
8260681372716704167
8329952639206402463
6642451754361503686
464840666705300787
2531302563076282578
2837299155452747928
4025014022270622320
7605137794333040349
7135372961734103683
6665506579361755113
6252721607534209185
7957667711065022473
7526524079561392340
6926502690957637868
6660568764738281066
3457177794783196587
3417760818359683207
1397770816552896738
6536822120619142268
4827814384252972673
4392221204744695152
8741739775581981648
254498195131543213
1300226865657106690
3769737356199806852
7862301334955863714
1831742077385958348
7573158687538253972
5128097785187128875
6874941595439066085
3317880889765632577
3720633689762746202
8558014742801123008
714930221091722432
2517283066917509696
5804760567488430084
2191411924968352371
4638724471153328378
5376327065272241420
4212572960678203940
1929054045473405434
6873647436465530754
2157672539087998834
331207345154781974
3879162225907803735
7518764954711255740
3253342401867346947
4287500187497988367
8056967616442293345
832700257750128719
175485952969111556
3861068192370509588
5347109844957482423
5189123939502804412
1485217188141854293
418814455247390944
4797851825050610475
1234684350240334905
3268199864532907573
4731191529599975654
7322176515421346202
5143845630353642501
8911139148090565297
5844155287099551002
1988387032698518371
8435000168696906044
1067570362764900777
1198720351366180560
8013359986893806057
6606607969740087190
8027033618669194291
8711563315494344976
3256822896576587848
7745971970373714660
4631437122924934727
195447430489818617
8829804698784217196
5405019317004853921
2991547857061894471
1418271726791165696
1231417348891736530
6656659181152094087
6660470676977081843
9145151684884624902
5125316438199766711
3134574889200686269
1471408198536913906
8973059293260032950
7801838616530622257
3916378314327181726
5867232417640680271
3032929811881931773
4667707248119910604
2275944296441397546
359055507081875036
2616578784114518827
6536880231688524893
7427221772290923122
3754090244866244763
1421170450634061517
6755552294266444512
260773972901851580
7318059253078041548
7565045476855878386
3265856870130046116
7046742504963948769
2925686466138714999
8995516708496129485
7338275558693086054
8913682995228071200
1469203124539763437
478407286572337106
3606479546764751912
982694048851203691
7139563311712274823
210296968712194517
6032217665947006809
8698114133463277544
8965577772735488814
1200450626382008042
7495808681445133899
5961611301477396134
7691826445744362838
7102239208440531686
2959397004198694506
973358408519556788
128797252769146260
8505707240288595610
4779804346935178648
2062659436307604926
3328352662590164784
7941294175499999617
7851061597886518386
2330024027223750052
1531233349893440084
6228619250622673466
3439325344391684933
8950569231675977681
665181267662701072
2200239470414713150
9032924267049752729
7760629975241761827
8514583251429581944
4234163761743493613
3938756623388546426
5904009896638861939
9104412093008757709
5490867606553028623
7465415123415982987
7653095178273195383
6487822138838425758
8615614111879488468
2892951041959415219
5046589265964773784
3891356080751502318
1885157246368032667
3181273190797510479
1880637696020264426
6620057144682012727
5185968820469678248
1039535249311931281
4002670792672967561
354641999745219182
7563673704377999120
6858480138606090548
1927058357053380826
801659663073541394
7501072156511116251
6041809615229853937
5922198450856756536
65001006210010287
4251512135838742074
6566050217566284202
7195728150161134011
4594487143140963633
7603987804650615925
6776598914841977746
7104932468249412957
5117182225559938494
1303107047917033460
2490503470287671553
2864812466847700301
1228952530128310380
6710564107787437811
1687740693828478859
7989260686573726499
2836523765759280798
4516812011869070311
4572304666077268605
2683516448824831305
4115817509966916370
7885035974859890494
7490183606460883247
8862762051744760809
5498636853080487368
254135305696474056
8796748012363086686
5735775264663237313
6732944959115055496
5602700382175297752
4661594502453684679
690823554271575645
9098977415181880596
4145520585146430002
9207179291732539026
1043422419214183553
5753056048581478877
41417429400604525
1827798186935292679
8954253544964539468
7795050269137567978
714923960433021778
8466508356919895385
3603767751717514192
2662733568208403836
3547131407595094726
5777406526522121850
8244844315588666411
6729376995388445494
8946930634963519424
5187744712568931532
8774924036983317074
3598267248507497986
7281273326489685861
6824360733064073120
3535687649160178905
8361412892886479440
1149774913390552715
5233830562555844446
5666545145634925872
6177870048881285632
2308676806810144465
7534868115763813371
428428203020674886
3604353772480636791
1779071726933568068
1303990695596449700
201096819328910184
7794039090913949636
7487418394204630262
4817563831535769030
8219695644709917754
4019774716548839374
1854630997497561148
3156480592820669669
7442816141921476647
4202608684091905314
8545922232715551654
3188977738654545943
636205187385718508
112878982570893618
7077108828659328092
8819381824499397739
7334381175649877950
2819944106897057695
5347753696977389600
3300660315270384996
9181577863442123280
4415129611673853947
5324769951589441136
5760970970253551588
436600590734619609
8468267911526089688
6160095321963359486
2075088916759079397
8864305382542225951
4533939829124871348
4302109929965805818
179840372334036853
7393851965888782017
4354255773618482071
5253437295636830793
8735475892821581140
9197165371192419333
6791909912959565308
8704251391199133336
4547533900478908139
1838306686479377614
2689661488875846011
1747446171445759263
6019938244796916189
7870833107241348998
6866661819445577006
2487637253169648800
4198452738398797043
3410835320048357160
298773582195178479
8809958776155281603
2134453961877798941
2338662053431499528
8247125400344583649
1419416038460098235
4039859519831392221
7784760605337997379
1838238815955836587
5036931417851035981
5989851960630945393
1490759744510718533
3059890568225419509
6690260513127851875
3640733244008637256
5269746411803799685
5346345574425103823
5358111515043031923
6497017849165787859
6165002447580298377
7320129813892276624
2605135794053413271
1866886617893117291
8886839853421326782
3011019979410277810
1500703095769538699
1528406705733876492
8156957554923245869
5081153701428626755
750746084123783453
7610451199646332016
7203892829876281322
1752393852722841895
4837532939885960834
3863488938559990616
1773660036615218542
670119995584598303
5272893939099150752
4572401450951361
3679011758306761280
386932863298290404
7007611622987780811
5217924894003155058
6507516094180847649
7211915000670708732
2336591666749826193
8830550571441585893
5785972346209839363
1053527634885290734
6097221924021511172
8695436833740214208
4100802317694089791
6844078955279018090
2037234175030035550
2906324100990582109
416904462265090322
6277632084029758677
4042053122215069427
1797151009641055112
1051382395338478634
1511492934251426305
6003899473890044458
1574591568151960840
5796980421227915649
621625368663817908
3262816474816891578
5172699441426718536
6716470715589024071
2677879695826355229
5974624166066706317
524290553874722754
5894404639064615413
2646563528035902414
2305436272069852160
6237318741289931383
8847129498858461687
4967392429591469758
3962621929918417244
5950270359791760648
1046344229922811914
1249536512128766716
3913907495404547183
9069579387507859384
1582933753069621735
9075047824272498608
4011631064560362603
1603714821721340334
9097098195114796230
3340404057089154599
2185564639998409828
6091372688333202211
6515650716546071257
6617627393449493336
2405975263957173320
4976274451507853053
8361803924654000190
4192846706302240747
4221042213368906177
1765895914272277676
8521600696275213459
8512625006934108036
3359614123674229759
5484289538528738285
6256616273396517742
6612669695699817211
4860560547550901340
3248288016274452250
6044941424687488067
6552657196831793520
7758270098327408702
131299036147357157
7797245714333827509
8375831747541996263
3781408859714967192
3627502687940100814
1384474077322864481
4647144379835873790
3040443359960897874
5198751666051259880
2560704698568337660
3467945470789912628
3258761656414265815
840780217856699847
7761996851153946784
1701081114363841898
9172716780648695960
5982836210917659279
794285137275552665
1142780900238831739
424725144350762125
6072679233570417733
2336336686988123550
2122122272783849469
4802990858190115602
3730640619131250223
7416261659562655872
35410526783970352
8874576159643619021
7324450626390725625
7652964439488381456
9180621579451065753
2608758917633652553
4032755718524571701
8931626660551849004
4969872906737311179
4778141671619128452
4979511219659723649
7593893439943319685
8101102884346052715
5349265380358983919
2144241639181191771
5296577570330391203
870032557155014649
3916245703553876759
7558137673938426409
3611171321750650196
8224109884408949197
3495815118125573716
1621271876362784663
6962247620751783828
8868850062749836667
7451184281506209199
7557807442504038223
2749340732431832028
4670327943608685867
50307963526740636
2854131558235423694
7094824611816654847
4649096874099813315
5293217440773224085
5213862917745123366
5004587494400108806
2654048809307661456
1208856830031909832
3958734065342308047
7168350217856281815
266605039064164533
9210212521168838988
1044206512678807638
7327951889945121168
7403050331815875879
7972075442984070195
933608487843218817
1503291719207376690
4724396879349566307
326340871642786002
8911198204498754191
3582130069638773087
4149253516484414797
7948826071676297104
5873579845450474603
7268634075849098707
1366302996257469267
4248879430193924853
4033256071803277284
6116099448909942579
538247909848981097
8316909177399788495
3894545602515609121
7303228612647907834
4367542369908624284
730130947096352092
7763027225739547780
1884385030759453790
3045561950487486749
5064466923462339646
9042603463979827500
5479088807118664512
4537701530510690902
7662633381411348147
7521420527219684127
4539993810423926411
3469125856079007896
6351461405024928132
6995197306872478732
2794999455500018004
5371323513644335713
3997855827979031173
4945399399226990813
6113209642953096544
2490396222422230882
7519196392269413933
231836387089239442
2114222700484110279
1318304114349872014
3307057009370741134
4360142808866016152
412974167262291237
5236302817064969643
8060538155544502576
1978091028444637785
6104199288159983386
5994933072615011772
1552398082939909464
978831963274464611
8372344822690032175
3061912406098302093
557935169418115472
1002075496065663206
3026153318017607608
7004001035731751766
7793613665171581897
4097740651400910212
735422941220648720
8244709111076175592
601871674178577769
5217382842967608364
4381130789232767070
4908964674498978418
6132983010423311768
8756978914771446664
8031602182180058638
2730468900249517468
3694913496119952359
4103033819267771735
4496909181997663843
7109811546573134896
8105889051246777267
2042850284722949851
4437288617086268407
1087026899104520338
5329288863251794509
2616887646652751274
8323796361642251658
6441004381746489247
1145477557156476681
8805103307836919926
6676274832799414109
3048902461761192022
113940132299469105
5599459900054606219
1893253057292515743
1642682203593301160
1407072806887181853
6997059505961403719
4074395430245272951
4651777707402008533
2299616341461091283
2311831577157614200
8459627100495226054
3246561492002657250
7104680488526797771
3648515364864868815
3120718361996466201
4080774201248226257
6254365449795126513
8536379682499194794
944487876483964241
7113438794934220007
6898663984618339983
6933728392613817861
1918729544190605685
3998288580464660254
3669264936789453586
1698218737004317060
3944049161789092745
2515113406368625607
3230696370101190921
8441265880045556726
8875802333635428522
6082484513794692200
2773476855409696915
7570440546556369529
2790891589006208966
1693848315606558330
3332561953886637946
5320658070801073303
6730619390586725639
5032553577540174258
8035862325604350661
6391783158442074119
8769617896553597784
8191913583482286878
4228671760593191149
5541133504446911646
620376345258373389
2475985093636845704
