1202202823326243924
8394150521185859619
8582282797269329655
2020684790524612808
502803455696340439
3623380165134339795
290781194495195645
3144119334146956342
8121332774086798536
4287169396383699716
2597195934176605469
6791669959577379763
490021671017769271
5131475232140661283
5927089591539867595
8938553101417520524
1135797138919129029
6935611158481317824
7002380093095529948
9049893596851299973
4362658663707408892
7384812060021334926
1434455167099284305
670857611162438268
1561412644054293809
1282819165044425819
6423885833376181721
7732758521789705860
6120198441503162294
6395729614124531835
6670957036326217153
3590894763781484877
3965948691859568887
5789613406965602580
4505571176540887353
2642715318490490312
218617846852223440
409099803447586410
2702496473422067638
3923919819433459919
5296677140955989302
2534929712589148756
4766550864400783802
387980611286693973
2666932380223408104
2625872743686475284
7690379484467784320
1851998749271272696
1610792147646663277
4224896502537355735
5175879068516630310
6097201273039294134
7551726329204402019
6417072750230257410
4188787504404483412
3944340677065374962
8492378432486663717
4104943926544778487
6385312332851328572
9024698364276076001
8989950364286771142
5879249805402822788
5016884686913734544
4603969117543585239
2454387396210211901
7369266976442150915
3429638087435196683
5952864431483461918
2735973365289655398
4590255794253132586
8167476645120105680
6385731079548673733
4856913794326432416
5735272464671699149
2091348110588377692
2548763103911746072
6326315754919124050
7517072309264516146
5778582392877628163
3111701914545484551
1423891069484182046
4214324004182548561
3420872390283445897
1348615871506529752
5339039004555799788
4841495457074155155
4472587884382709232
7002404387919340908
4091932488771716623
2564698364949814109
7040317545244276658
781903607808418532
3765320023529534043
3252443552633491779
692172651333717630
4502285508755550903
8717938515629374392
6633084599062849170
8592152424238438008
2249972511888950046
222480151275719201
1958832263878444022
6511012253673784180
7400983542733976440
6799397040324883281
1469763600753371657
3822823709479864151
2051370138307733539
3097588968642194077
4685955417174753626
2128867146466421077
8986917441609681231
3518660846979511509
8494271790680470221
6990507794752104869
7258276472168984592
847564288659181824
6829939727355329718
1960655532078977095
4013515497699611423
2212942064015877104
6619399709681602768
1077378094116001411
8055414713260627175
4190404497654439275
8618593356535353580
2660523276053739507
746949626946784793
7026895504204593449
3871836916557607966
7958131499175222386
2971555843586826554
8571022216318755020
7807977853169117533
8894576119285854247
4886022900464613615
6637553420606991401
7407297081081795629
1710531786645771388
6743620261650807349
434461683774425593
7733125308197543567
702961308328742078
697384450270022441
5809322858147359524
6215233287363158011
8330895494941980651
7446749561928890056
7233710883206111232
7402784104045485079
4038032167860976353
6413228851024234965
4459479184778311707
2287306260231068611
8914070524535516544
6183872337163116750
5037184309070766047
321066518227443417
5832674496665849033
2238066082875864344
2677896357605906413
1480859205772900651
8164564679146506877
567283202393394742
4820840886451791025
9142254195368373097
2353953937489188134
5195790008433286506
2856042261962160384
2169593062765021794
4845216801070416332
3686562427157307277
1471911331373518977
5703297557401566063
837311562534022582
4083602711647146777
5415850503854136566
6521218623436376821
4915452782802727801
6048682528834634558
8303969139513989847
8868211302953486272
5521649781079192182
6603417988223124551
8424316470680760406
4524116113257046047
2022116101657359606
6613391544695621341
7434010611322000135
6183899261490951941
8850547943763035490
503762035071651703
7094079800991582726
1814225637160501751
4477335319494482890
7656744043627220442
6689276838523312242
8874998603481841090
4748765436863905799
3846556463574091787
6239453410802329929
7989736831261262088
8996765683232725517
8233496696745433572
2964922605159376747
1632944865882530979
2141812350060676614
5891426222313794033
6316364466522921324
3288497395287934052
5552165465753427445
8463662860104066693
5276093304137361093
1493935586134266310
8051392570259842083
2466689641821388206
8130514552334002381
511548722635131918
6179067712207607186
7577234534774139053
2305394127777731599
6905669918055227228
8466355375809842278
3086060328784406692
5270789796903072329
2257609040441035004
5031695260626976477
8305201307203969138
5987787119917963605
3027491886487297909
6423522979872354253
5074840198922623972
93365280569046606
1598012065377395734
3354906378856715341
3426251749456956043
6785901777387164915
3447849712067310273
3028411403269474974
4433301295505252261
2888696382994249426
8677157837390486288
7200876846744439644
7619652786958204354
4499790377062339338
5033277147263981626
1808367466566108107
3331600259739933622
4047504042795052498
7165882415029365518
2260637629268747031
7396764923641585419
2770018205731867309
1412498600728819143
3776859676207876538
279959773663200014
8704470265330877495
5930579690821572958
1723712052270444643
2722371740361492782
878737774504775739
8349165454717159774
7957878406459521425
8081095568886320897
4682499215152823539
6503909818633499225
4909147900306473022
5511975780145466448
1189968603138684808
9035002943066645516
4525946585242314887
6992210420541370173
8591105554153876068
2909569535526114691
3792296506086559053
2301936013937106196
5467915120740829368
4951583278563346295
4292831995272414915
7818003983438594405
39795287156223529
7640943551247812155
5049629586179779966
8717759206847514850
5904548636016931606
4879530379689194369
3493768030159672511
3622268925217274336
1260659965906313057
9074979016292160353
882128728976063952
7815392978002676451
2609027439023210805
294355826598032870
6596713311967284215
5052042693274537435
4887156468831276068
8065792491775352232
3531866787712036686
4291414785876499947
2760300359162589545
321131403071144942
351370366389595779
3218835757176728493
1592064185952508280
781459264323532577
7073699669193696272
2906286377929825159
7976705355214993163
7469093477874014049
3456871703550182086
6444594807896259606
597706488902331197
7001986294844341743
6953577031265974503
1813241049513481887
457222958406246210
8313774948651318692
5309879146115926206
1772736035766738214
3384768603969376510
5240655643864322393
5275406960926145350
4799835881326185948
1331749263216677108
121927314915679884
4404470970573371188
6733042999128710639
1554924407492634074
4140469829418507490
1652286514606821755
1231339190817621439
1574207818537035873
5196242528107230912
1882739420974774555
5511673418746417531
4321766333631940411
8119126998375294588
5640340714229654926
1878702936457339453
5739975270206209025
6094679768719763292
1115819621911366522
6246950990063229353
9032514435975115841
6698298890458278481
1666449196632641613
5601717231372126501
6372947565005877425
440857405651525259
7475285220307351082
1938543873162963519
8874950690716959931
4599201450867552746
53258093880372630
5980900934536761661
5228595075389509755
8029401039000303247
4248672267059710577
6399851570371490179
2946922419951584138
5119139702227368228
4451769078597186999
1465145679244960727
1835391249166580927
7764967231122881439
4286708832106759977
4211934511731752923
1401884600612423015
650306936889344265
9209096429645548941
7116586103866501048
7518138041363646260
3039093422389891043
972421059582991212
5934166687457939743
8724563966095064641
1451365153739977968
2124125097820261440
7236589410741986116
8306029683384628756
3451425194646330662
8238707281469556662
6762137088613312461
9060650413265928934
7205463948700837230
6294210454812601796
1865296905499015418
3834551654475675536
4045788318339810086
4267692085528862115
1613621653620680193
2630790283691138766
3197070132376479943
7506642716215664206
1308662463117601615
886131580348926113
9009654299388909976
5777928167434708739
7275274003541912449
4943436284718378034
9078413560793052956
3568650867595658967
2310778464590436086
7322139621379495965
4611664038961573306
8063197542568992772
190664922936759508
4214851404134063763
461993703783620982
221369772117873966
4044959330096119852
869692776252515411
465519201310969793
492482674979876675
3927644028784878243
9012364503294805453
6282075008570322591
8653654974364407095
5031015119950413115
1542999819322361362
6094245334746609780
2761716207795873563
3832439086155918704
3055625036522291319
3563268749003468466
875053914354077621
343722878218077127
546909366505935830
7634311608856812346
399589607156916590
1247390157647748211
7573411860627288860
6946403441761638765
5374605390938544481
3409747751738216625
7253193923700497274
4427288548233205539
7455195811457606058
125474157476694579
6075982143292183025
6091474397639185354
3953618747465660157
2301484138296041429
8756587687817957084
1213338169091324319
8446636666812409906
4473663858629789972
2356960178830227145
5856330418367137200
2092218769747744998
4187068764725884234
2493184897117888386
5789309597075229770
3423973560690006928
1677523077977140522
4866356846520403676
1608356919846861176
3917705810106247335
6379402898000630095
3834180895259620604
9010974871051662355
3260725322519929155
5820682864420693795
9087623141573145928
7347331087871164564
110853890907005068
9114452792773781655
1846656961442224903
1810175289101934394
4711174069650401365
8422262768394506795
8461923355057053328
7854324626598067103
4785909415215866775
5443752236641522477
3731432540028388492
5028612389255556678
8208072659371396372
311330653179757214
5825080438004719231
851794265967229505
5148491952416544491
7274895352746333758
6925656060866881608
8733752731794308443
8928808787803460950
3652183972144070848
5801498783609775299
614111473171379561
3538730851447224743
648460915474921187
7130084846765773480
6738698653549363250
2767073413868235019
2476218735658530473
7921217405848738629
3323092362058338333
5928545211442887891
4300747141592929052
3587210758594392813
7927856862651192450
3625149930041755048
6154853862199879649
6460750082519478417
8207766042037735448
5541642947295947649
7399637974049092295
8604087950347228953
4216144621482645508
7336655592532259250
4931156605910602137
1723676242572970914
7801399412658630804
4133991424802340365
5962228553621074993
7145148031026744394
3740981228844778681
2734889753018980438
8901524781027296250
4550511580731603460
2793001875247957247
546619329730770897
6018082654639423655
7101173172174002768
8167804330005769446
5850951147533881486
6380099592506991637
3535657712471216694
3102522823725210984
3690978313927864052
6975692943537549976
2139488921822057460
36669295214787210
8868740002698283362
7817933829766787566
6511363075265875836
7082089028590180568
3026191393215958223
7340184071639687402
8177252748258155480
5758496051104601566
2317070491913873933
4069274531398743264
3844128832959745150
8628050107981930557
4417326228221554075
4042145362430544651
1616451682448921282
6085246541990277402
222249522985417885
130101563836896488
4717249728108949105
7518818766835023190
8043684482132955929
3986661919137239085
4034876298473354472
2124963561038300596
8910709796642139278
5064867495856854742
490762197541286034
5911794049833081162
972339950295170289
2763369491582543299
9028738235995857756
9076247611075911689
6094754061863460101
1246159609618615754
7899791608105458006
2368115978571736808
6892153822724468080
758156586394993984
3827051056204817270
4050517335057389539
4528660162474789546
4521032985580641412
3518518728192340798
5294038579780728654
3716241874642386410
4275133503379685336
3965282874094585693
717511033960393741
7393917749214266548
7850403264743758485
1307536192294927319
7898031606869520472
4340732942730605042
2149914030289756264
3934024212054658880
4416335207876933218
4955297051522392278
2947689919971508190
8278266466154251325
5016965800078672144
7401408409564410112
4712660178047961228
7738348085824212225
7644764617028016972
2574005533168867060
226809139045622243
8251801086266984951
7578735238681293907
6223458319256765064
874909387335540078
2022046856402339139
630066565181970122
8820341498104280149
2978404082340746939
84403540092697947
5007926352210619084
7195192871894380339
3131814570269623929
4702170107749428193
8059808753696682141
6049488856265836897
3303927697414272685
3745947035047622666
2386618124401821671
4495941618884081326
2660842682503882558
311886449119059751
4928168424485936105
6013409982149862089
3471512366193639155
4938187029721567912
7120662824933399257
6178136503117830460
7290562044437414517
2668255178040699391
4551319507028141801
1047760103685718221
5157506690127867668
4517188914978160388
4178224773305844489
4328516442304692137
5719612264953916529
3077255771165127403
8696406319256881084
5889516707840862887
3475242844020515475
246068281303300537
6883376833740826898
2616103552680246670
7666574456115138404
2373454132600304365
4127694834002338588
2776414836759993399
7137631712194763630
5401017489093877424
27400546236259303
8098965830157575754
5244695531184236036
3470804091540957454
484225312571777200
3463548526198545507
2753980656510446433
1998876455674238451
9193701431112110799
4571444439809697493
4228693452420577798
6154177804872753322
1879406644988232612
8015540626317950590
9099983345780706524
6089024609635663826
392020443858109218
3011640380571233831
4607840606367434162
33158901274310350
6128111256288234831
5428136839226117824
1395440789395740384
356938642368938060
7903193934231811133
7956474357033078684
4842863355357420644
7287196148089670458
4576927025651026749
4170533592614077123
5215763382265192344
5508155384995876240
6885530410463879621
204084193766838356
4150054237461808699
2001488721571543667
3278510547012324050
5718831187347574045
4682388961832971432
1788579024052851099
4717614594201434057
3614516207987873329
5252533867748292854
257567955251335075
521420459304069344
2177268988885058739
5815549867010866706
1165198699845212898
3977584650351266266
5648930300394700685
8066967788734297046
1505105343523855512
5560325137458230912
1473646193689006555
2674674120672620593
8286000566859632786
5237599910355141661
8274733891385562621
5847426723316838629
9032399104845120891
3954153814357263372
4213476711746831198
2406713738400122010
7652051845904132882
2743489216949099033
4132496191404649293
1359598104233642112
7790839884002495167
6855253115923132031
2787120152505892117
8839884382429351267
2863517261405023376
3862024103700309910
1017779037847754094
4838344780964835469
4298752555061381089
3303186839180961749
1704137628283290090
7548053496380340805
1520102511837961731
5897419524506884571
2127754231995917512
9175181121692919855
7465327850786567068
6768454561611774823
7586171459676984840
5978355957184392043
7874191360462931997
4768780714411167990
6250318625609498832
2178220125888097024
3702220649881147031
7750963009314458325
3487085223511987281
154615708389346569
8737099918639464221
7500978018002585014
5398401444126344663
2355764210709773452
1098718432543395810
1336687660354007367
3089598641315267066
78911090451118038
4426704042565568081
8055215042636861022
5399538304967426674
3901276671052606461
5724940609368883920
5160937662391145006
2788706032701261719
7352505894373261404
2405945275992282532
4759901933243872884
5848806268707930068
299418298612567010
4245763611713446579
2734468805074012274
4543192226913134192
407668752319968553
4070904121440190769
8276499774819240725
4549124995742272119
5941191481814471408
6495673695078214857
3116280528479081010
734482326812403872
6838505311471869879
8379842942015431719
4958465765922378059
2700466807555419678
8955836449884050004
3557045191613234626
577912008782323367
2315366650836437560
3245187280078038258
9125231227608027481
2750319876870133484
8710999842653836557
5722229743882564730
5163678362406762572
3431364919700468293
6031872742375233289
6540847672693396669
8269583834364584648
2252075118368302452
4444224419123580851
753047386959483167
8672506966039912405
1985962014249972741
7354702807232396159
5769791775223630174
1796008883614732903
5954108245979409518
4428133183919482552
2636057319248354669
3916485609062910757
2442887747495811257
4609139810514006736
8461440892541445544
1880333316943019196
329606851822940984
2232473998057722767
2436688418521614664
287436613418962535
3198983763818702820
751654827838242094
6268214145634115931
8664559064968364753
5414171399907297028
8092883699560028271
4500603691771870265
3075042803310463691
278324298327993464
2427381349857045584
5703587713064852024
4891375246718428321
1688784658725240720
5780547165714974983
1015970949266160496
8336937007232054175
2077843789680736742
5043171791981046309
9197815197630324481
3253742644492284316
357371643300930149
8352891801255687696
1823083150650074523
4423458858005484923
7690785748667280985
3103342862199901554
1404227351734542036
7544975662567264433
1508951863633964652
4824886801628833805
8841106471444776508
8671559429710361467
3358743906313353509
7969739532048205893
6869108522021227015
243276332941813485
3681443165812934453
949842863902206124
3264542845148659195
2655329557327685787
5107910031992113264
2134578835326041196
4188220781336216767
2926103090771493079
5048313074484206417
1537359352380195634
2741882042035377132
7515654346580719475
5644818541269717408
3218788567307756195
8072072788903586886
104658509186821252
5509450761811263344
990860587160041381
8613434065459560430
2666500300120782379
4624758969681734419
6903753548322596833
2144831512483280496
5085916957374237974
3282758647302641640
8334675391691622767
7602967706899545077
4057339604485447342
3384017396391332772
6246998412616036489
6341223486053171024
9161568871215306354
5576459447534098568
2024900097761284717
2362728251590495807
2568812414469951248
3269729627616696264
5700114042780962973
1789397550343281844
6062447943838112808
189264014617567966
439288031729519581
8121960530727802214
4833225713423778188
3126031070993762922
7994154162052435504
7453522266272451562
8509718315296268533
9220069728754509540
5637106933162795425
3606125304143344628
6472277053430663026
4805190309710670598
8679044082743107072
3766119923086644299
2801879861060242801
1373745672538876508
5205524509766266543
7552784416014227680
7429588982198578301
4490612867187605385
8571752466508803935
316778155231225764
1814533592550295345
427614486342297366
6363325197678353764
8256674307135955734
4014570983572793431
2668515015710459398
3845250573569183684
3808278100019125722
2487725267770962443
716347369639481161
2086827322891893938
4777310703071433030
697856590729859717
7087677448429489574
5689500637413251437
7761080720742763105
7585309725917412726
1223898576689614915
1701752775261039621
5045079276036226211
2666451013078777714
6060218312668346407
741113809772914976
1138111560367921682
3921786256557216693
827644865320735625
2181330001909934820
6039393764160144776
1992112158400856227
4646678371220489429
622908066335403970
195380582830279359
1319400835139188097
4386002080095774081
2109401996394797648
6859875775684359275
7424703744582777779
5866759076908574432
4603410451251565866
3652792940782919028
2891691421337417577
3099168018664257046
7827669896702065833
1737531901062235948
8443194968947202201
8696815409279680114
4223969554416868516
647122666338387299
6765909686278742129
8514403568587112511
6724674793558280317
5969980614989206398
5260788088386383833
7611492219030868850
7731174479918286653
1481820611054458534
8745987412020534026
7904976027792549516
2845983013710511011
1609103318387356739
804964647259190108
3239363633068091797
7224163277791220685
6965332060045098406
7130081977672861063
4730519368428771542
1588827260935438763
6607863978835029117
7081794802097834179
4917077347167101949
4435034028166537037
6904598860718542371
1701464617900158054
6227904791233816278
853657634484007391
8766491691703196923
4968762680501614605
2902234473193068372
5473235549371864259
6789735155310463706
7192160377153754876
4150332535802416282
5297021454975154352
8633930171275940532
5908387354165111902
2979261714508998186
9013686486369826450
6930993032205073773
