8158763838331168399
8576769410218340729
191300045415757155
1730039781069407802
8486449337114843962
2361791174138565353
7716615275702161553
8402132207987151471
6974473470167420036
1439105972091092457
62088575618508875
1281646256978527752
8025431017482815811
187758008097164507
7920323178979931050
7542323686832961611
4941156559584721854
2348453895370752554
3415226565378064513
5981929603514599233
7534052007756596485
4943423025535336763
4750787171507053169
8555473381298135043
1288145430672943979
5700913774660686165
7415759118631403592
1752757003633069334
1516763979685344196
1873657197682219416
7564678821736399365
8197984103481262439
1292396972202728370
6630694632506751609
196280464862359192
2416013830477931000
4072990885667561980
510285495326981724
2287833923542770165
156849730863687180
4376003892497928505
1516988148676120181
8348461982186102270
2386426485239204563
264994475373665086
3195320465338115825
752278235731733214
1591528090744637915
3705400683105211759
959355963717229294
391410650951263057
22853839650484900
6387761698414688517
5400329639512379878
7836031963210552726
1866431726327182751
537659536571492537
8336388508927482940
1663756735509524096
262360252704285235
6550242880787760576
150915495254042919
4279250795041505569
2120781749030307686
4641636370743934316
1126656505418475478
5660407397158816951
12876289836161504
5555468719545556643
1042042939734747647
8147193931660920236
2963868939154326448
4359120095352210606
1461387846428473145
7586443057896138868
4690348109986069509
499226112797564787
6915056119270973991
6500875143392135016
4805950706495382570
7823901434270606473
5612952082590906027
2155981037276203225
1733708929415514671
7398442137128649440
380780921043487505
2269277450644866362
3376201507439655376
3953845787061077352
2420362367976016127
46446777043536130
7586258024253210288
5226970302096160288
6464382055036754611
5528954031264981738
1482836487764931825
3353424335154684456
3567047062240673769
8921848384973434645
7712985131498049322
4535281263761413341
6456697091140753405
5308164313700382364
6865548311311980093
1995225794660270550
840586979611543700
8359869746427055827
6958232847911339220
3161761005576623191
1881815304951437851
8281585593116835956
7856646180466006547
4717540606211888115
6860779099594986339
672210612386351416
290792587314660579
4268344556079341924
5701477686896086170
8123819299598341924
4281019851887176409
6774175525116920196
977839297125411336
1628578987062188740
1457128887328707488
8987513460181690542
2334864135573316862
8455383364863380949
5467353265452759053
4854601742608703501
5847091903059025064
153265801786894871
4255428109382807429
3184359967998105736
6002490725660383617
4377805983319612548
8390900386309537091
8117578873435963275
2357831286977510934
6991195820449778880
2488428658269626256
8070046456119274143
4916776711395671743
553630830313745782
5440426777032135555
1657627935602955129
727571735873981661
932559641943608565
7042122522764711627
4613400144166242072
668765634512691736
6105352309455018690
8692680233215215041
5903376134965717308
3967567968125061188
2201877790644927385
698636746989961006
7085823659281570975
8916461439547561972
8531721211641821130
4364901436892758304
3265866052684122347
4254026989077286176
3750833581600940008
3306888266367092289
1609986518044991040
8955078403250491329
2582414524746605578
1068836582105639780
8606357447916735450
7207215210618827785
2010386683168521291
4933615039095783691
7279203599621080215
466692757767301951
9133998090397110236
7245530995311887208
8661657311553730805
1476101112383378367
6311989230001608467
1856772437962505330
8616844468288216952
6809522002567593314
3416547190936851339
8488078606962014716
5467490921857886734
2330496747203054961
6338048090940253073
5709226616371319176
7482632074929394571
2787212847970939156
824303928360239352
8775156202816126183
7113687939317763426
6063155703734318225
905401958601590579
1924008934312354043
7849610876953322193
7902749657958711996
1532331211345297386
1206449360329883657
2879267664903373678
2231955855437336226
3869479758633284342
5936064201475126792
5870226543182717014
618986312213847620
8019177272947963646
3219268249145009861
7217275593326347636
3097471849971807786
5371748661559543651
2674275980651926884
5877100660741664141
2672605401722639876
4405546051172028003
5932267773813173875
8281376478780155035
4732879940089935704
8366771134115473404
928322774019406607
9108621740957449887
4474916477697210651
1116601427094270818
8656387521218494976
3703900409720157365
329770078998224886
5665549464045865752
6734339636000810770
8093187503766387471
22402755696769772
4188520705407505821
2162855760266004598
2326649714746171992
6302375250323017999
3763351766024224844
748244095486822321
7865805558658366717
1443536734181621261
2646033961833803852
8009966187886132363
4290252536973464594
4933155739330544194
3318842521329586899
5388582865557535908
8267776844539701298
7881052787121995713
7314746882513450723
866660858520945750
603509358697097935
3638751200006929983
5572474696403219226
8311094451510420303
69605967428556113
5601772538860228375
5080232905037795994
8981126433215118203
4464285760984645022
7440386802812550863
7982858611908688712
1118302157697077893
8906047863428366535
2527222105375537979
8803150740106802847
7341307015160396013
1269712549025712527
4759987473675559229
3823343609181183419
7569400017876588534
31532619424529235
6629300166317715582
5435265436946603554
1251487444970619885
7736148398529880158
6313319714559388314
3440766903041972006
8804050617759283643
6051424451902954458
9179326650500559839
4546310956543348812
4220795869572425834
1044383900895703946
1797664152244017279
2970951595526976088
8555567287447893962
2658248625662866443
6844859765757436326
3848299487287432778
3180099091304331812
1277006817424025465
8883147073817540628
6701479036607256789
4629298127836585170
2469230805963248757
3199528972373443168
4026072894230284390
3252449242620968484
3289980921872540425
6206938625090884528
1299184937230363535
6924923365047886638
1017610744963816345
6570619007972116842
7019994755263039425
3413568918447136967
2383903776606632110
5552475582892764695
2053191922580535630
7625691348029668743
6281811211678658678
5895425639728984413
8319677503575982642
8410141302452231960
5772260046911312892
194024864029604438
3996595895501487213
2056131111257354109
7333951134588201405
1051142516020874440
806298609387923710
5764759443569906233
5735088300086507272
5814705719470609194
479026560970224044
5374099194250285831
4834864357906754185
4482811714669258774
7687385623971133534
4146815753245917989
6763071553742258761
6509481913414598574
6394073452382958292
6684998995512164083
1546989932376159830
377807242400128047
6504482041703634432
8525177929200769970
4429183578490562860
2810456084313477625
5402483324725412798
682737520716413871
8460030246912782333
8119333589173511781
4359116486723412218
5131641359864754489
2696462209689928098
3330511729291584049
261161555423868324
3405537869090443913
1926881170414923416
4581362417328826576
3363088717665402467
7803367939507759550
6693073208334513216
2473926825433940796
1712843813565540278
7302949054575439400
550573339772658410
8638413834460540270
5999675120620071801
861795838908939385
5794075113996932132
822562935641507778
4380458770967287245
4303417891645622824
3930528896404173985
2877480017731756313
7045638353492033965
5857901936438650071
6596369402963406465
4347777247980601680
2606325091303067637
5674730031351305464
6206751930251862718
1042684920203453133
6904699293331244985
2171657780901853308
8614715401874045105
5676044835514022573
8392990691273275681
5375027260392889745
4069658726337448388
1431884959389590172
3085922388299621186
3397859805587819769
6030577794753766110
1109903832768563737
7698205969927657683
7676141778710298560
4611935760272100718
5340629643473363340
7367492525275954272
1111043203579063773
317590005462078031
4473876268931571341
1086983881091822884
8504497662018757405
8647856229963549130
8516840337562933826
3006015268094411048
8520953888709499850
5197167700720274399
4157609789598561620
8334537161081313944
7636354483688994786
4727191154440308169
3030104013819334583
6480594345642634520
2943593987240782058
2866293823155534021
7614791804185638185
1149850729023178649
5070284127743481413
4192881837385354105
7365767205706778310
6033335599735881955
452543626919181559
2401914581385027409
350142497905892110
5684814915541364705
2047001251512033013
4922012028991381874
3699111955600040023
5820055267633555847
2488150701205210242
6584891457073921698
6029377128829970490
4080267700184139022
7047558499383547010
8693795930825922372
5080365433051144714
7350611692955889058
3414586856753720950
1454773910413864224
7617290476387607001
4569077726378556020
8179335221862461749
3861857864633143230
2661981735907021628
4727387877274326173
1939221800123341948
1616353763862771389
6997238069729509104
2119056593406360524
2179388567193550761
523343687489957910
1334916751030425367
1767231856033210744
7536589837840293566
2283766850592501064
7841064775209097155
450043202583018977
9065432923066855611
2722359760138257832
5192019326765696833
6414735545750217959
5730964811042167027
7509033567992185085
7975702350085380795
1882210772175337424
5547732097478686433
1971596869968606225
7569271536622999553
849732690856874799
8704364175038108796
884088297653916711
3349602751867283347
6336577121146647231
8077920869233149333
4732743531590108358
8609536319814606236
2113793570397528422
5222005896586602910
825340848661355870
1531432387830043662
4205518348235573752
4229165917487232980
8405007344935678926
5979849682866367108
3799184650074979133
4571801583678559281
1294998968722043763
3060246416502952153
7491726055386915398
2305560690634207779
6752531606135951203
1047611009822006757
6792452496021207369
3078264093548400818
3055491007362915210
3429734135716227982
4218009982345517589
4481889938939947192
5147455495164949262
4994913356995951554
4855943765013269846
2125234470860298307
8787630492835788918
4899085698170789350
4185823449052935109
6318394556453693666
6568894461648290389
4339837903964015637
1155768755068478402
5765935065424074298
3321995892689561237
491683272172145764
2060296818179979548
382063425289496588
5663692182534578833
4349303506515561535
2683028215569549064
380518189050034001
133546703007442496
4183120771871594160
5669333847988637966
1337250629452915155
5122971176099718720
2141714249893887011
3840226821306780548
3185071698619603398
4169133920354222090
5168265113047431460
4196361195479728927
8360194119831791855
679814233440847980
1636210223124095946
6048172815504191841
3926970633064864301
4576637074452756871
3716059861669037890
38926892252728120
7825042092387838878
6103760800361939753
2505622268876998427
2652505039892202104
7421725975073973098
4373939206121639137
8771305667643828311
2432881388235788596
1397376096965729649
3559001657796071330
569705673835718615
2192398385864972666
155718475018474340
5772232660230638143
6844334288993272723
1656183317712330610
2457954384121350146
7986588598084574203
889348375314424467
2838665615730331611
6724176625233149164
365409945231703250
319426051419926709
6162770198035100188
6380102717346236787
7796144126723975707
8945161042186922489
7001627660249061690
379669686201741528
5390491585659496571
4664260314568322053
1168502896625488344
1851052788349689363
5678731727474274703
8005369181423244337
1287615085396179899
5271147653469521927
1751819469822485099
8779989025862122922
4584546395978808878
6186709980370093903
3302501485302135787
8115902003997627074
7592271185992029214
4231222367444078163
4282561698460806219
5827450114675620439
3569810535309932720
8656025995282979387
2687434843163092009
4016922644498140144
4497772789053364027
1906887403580668800
9202260029017482370
497607706451825288
3340422146428367208
6975594144571165074
4404225625866544120
4634575761462629230
2442519014059294753
1675513275307568791
6201491510035124621
4041207637877077043
7346848449268935219
1489108211204186749
2017665008430278208
2671879747862998396
5664581669376678109
2714450740885021174
5528121999912088710
5682948462588563695
7177508743835452152
475203665008852524
2020446305494575631
6052641555508354589
932670226442199581
2748681058446552231
7390880877542755495
909040832878010182
7934660490293831493
4752675996801389355
3616139574902629565
8672241912125602734
8757052036337902790
8656669556594706763
7712052135376712855
183578917284813975
4654650047108781135
4246182935164894560
7764053491828676786
3651348153714700798
2539446133508818455
7239186035061081203
6115452145339694116
7785419661260809956
8832605864786462363
7726444525371792839
7267734689486006154
542636024941508458
2670042680847645338
4771650742058598288
6622447579920939133
3261240981104647729
6773338640105592396
2476763899416078458
8320874397564481615
6698835687849278200
4775333960258732300
3209937457986862242
5941973236603146587
863808828326024346
2862565592734120215
8774545789197300536
7778853145895746086
8408364223171400774
316274374116803827
8378671123542216232
2437541604735184085
4148077531254681015
8954025132545989718
3066852153017282940
1838402085466200577
5311705230371071391
6667823614908013594
8707806214408158762
4707248215549688526
2391155643814195091
788052400592746891
7874746961356011372
4601137396888884511
6887073829148901714
997970704960484867
3914959843082813135
5472020494920717283
8518743428045232184
5703522019165587904
418488811444899747
8208173541561669806
5078393164758025302
1718086580733751410
8158268183032737846
3979616186935065782
3724859896536696312
5060377499685033291
7027360433320787087
1186994707657791275
6867442668367418062
8705419389383822792
6886201177434273496
7223334065461350600
2631566616253650764
7955768673708298576
6293388093152631803
8533342281163019523
2478571923241165045
8173967378654533523
5453589216415914438
4594770242036072342
75614413142870254
1054129897020716514
8934231553524588707
3555383106013654408
5197229903401516402
4785169041287582046
2976985363984693412
4057738880042165906
6038160629651939190
6270839137661403052
8797151043335882662
4339568625624467395
4149856556344391247
3215158796089891663
1078509194905299836
7583916418180604299
6692832972393835105
9046444039735337528
316071524357458737
5527788727574145008
4555474471112845237
6650880170035279421
2677572921292550653
4948605007491195453
8498836170991947021
3636658933702327840
943594996138601283
2985555173868378316
3465964447043701993
1929573757933289093
399907604331159984
7275599859621264103
4762722013782800849
1661396920410035930
5108632169993040916
8550746557331612609
3880368476654919333
168944577744436393
2808644851885315488
7228129303141830016
1097998423639925598
5052756085784624212
4402868193172762238
2965103764046894226
4028754740900716402
7133835391943523327
8592227760871192185
1455160545412912657
8434949592023820893
8936317546641119963
3086076070262969288
8971692668852039606
4571388511890914064
1238510388073573534
6761656891274934833
4050445819936742631
1082812825078808781
5437194683798786173
5955387572817333551
1946861002372179191
9155538400669390029
2939695928683420559
669396694538087266
7875461466371466007
5262926349504957011
4286862979368198157
6398291230730008818
8490626436277067277
4833519225229313607
7783297452459511722
7671200807379860539
6708730145050787412
51643273967599308
5587390700973590816
1149529987031051511
3710810098463976891
4238147081710881027
9108938509063771379
2962692811502323291
6791323470396781767
1257650250180694230
4155966964949001475
2177290117173989467
1871027356710656079
3557476544370431692
2250722551550350482
8636601613109067848
108921897928194265
5329210759810009363
673540485169498248
8687435822971868841
8718091506546514117
5409338821819413044
6884716145614308859
7437114612018306894
2933938420251611042
8900528596945151688
384715518927191559
2700912501217337979
3763369697350394388
1579205853769436942
1166873641293884827
2144464776910992084
3749668553388275326
7095392536640839699
6003798157402334557
4683627170247788274
5222419563126932620
446295592937450838
8448056980174686251
3768995507990472978
585376960422290854
1342310088070440382
5151922556666600523
4480790806451372779
2706390860424707944
4373427603959192487
3670315479408639193
1364866971016230505
3735207985682208034
139497041277924187
5101526653575658871
184453524729195944
2806932414895970332
7198344647893129791
9016181511958554094
6422188537736205411
3249317947741179772
4908363595054059445
3017566347295701900
1349307196514073997
3332174310360822292
1855795811919202207
3234094128150139861
8000206880952312498
5351786982127703051
536802335497222533
4281705853468860241
8941954146562443732
1310965742190005618
8856958068213413181
4366248252964401320
2750084761962077235
4125090934916770851
4877198906102113837
3746922151657221596
1837699251324945515
6168413467991813401
5829928575353303084
6520413077508800905
5877514149353358977
3932005530082710487
5259573606974442951
4792791404844806785
7206688766865544481
4054822867496191225
5162555394992770939
548133887599322448
8975196166407645012
7824275615549628340
3208514668622405497
7616116463315737914
7296445192434603472
8697113740750270780
3678570527558444327
581562517810359792
408963401965240065
7156655402195223473
4119710637978636962
8297907839624949353
4417160389398939317
867572409786352896
2295304391878685146
4735685611125657537
3213486567112562370
4343467990719542264
8215689423823677233
4058539132053973664
4845149692423932763
4831697635584102692
1324382514196938704
475924351853172836
5733023458853090872
6217289244704619771
6037752180837326597
9046741510022571857
9124257827006764070
376326976820892181
6593162064709235165
3850189701193566919
1831594886477335204
4611281379404741690
829354739722928083
7726897014806027287
2961432343030130222
2270070794226390096
640621463922239398
9050601483902950347
4232606709551769736
8655873624877009484
6448545238458646101
4334168500241446533
467103621412387830
8685202813240807714
8780546360557048054
2408512642913163969
5134899069581446630
1571881887715418275
2198618835559309739
5670991018065327378
4741766963079405159
1340686507406191439
2493060596220716377
3765873797977144126
840476264415168839
2930538217708858289
4854530707545949974
3967654743577570381
5092237335152322086
4966691372019816118
5966323530059649066
2630412548913594465
5241232657042228893
1086232807256648907
2287453397130372725
3679321070706993023
8552421502522120021
2417662875471478273
4412329565843878975
3102650555893535322
3600476679086249853
4010281670419777779
4584639606104384713
6554754877031234483
3275224818172773229
7803876143758271735
5316563789292277461
8070828856531103620
1951052352609069717
7430733401052037236
889378118266835456
3378109934300093258
3407132215904148659
8855454232886136339
5532139880771205573
2628083782786898400
7424821198362186125
2536118100724543328
8494727229247196970
4436950059188791354
6665299736677296550
9139588680795570272
5998463589234290615
6203327202774840193
4628052435997521365
4025700072632245999
9163301983627052748
7647588203879507885
4107410645922120306
499243803675697572
4279994470498765630
5328037174161407987
1037816043264071547
5549373383585440610
2951068522531389523
4875155101818678083
6193715068981322407
8606043003838725921
874727226807844957
1439253019886740000
2340618390750080674
2193016411691513392
2269698864133966631
7026212916273930159
1548690527185713012
9214806067640601557
8819424587286200153
6990813235144645950
7740112157989992904
2314407710213467825
2787699985715620571
5563966850454979821
4741492959162629288
4094228768177794507
1983792001631807674
7192474886540689324
7283366284591375960
9136783908026208615
5699795859803213502
3687422040079443362
6822618132369063702
8542009461058319156
2429120671173192930
964677654882330459
1815186618852448488
4798486087199352709
3071527157627590983
7377191436475803369
3116353897390860148
216641898399716776
1673777067492429549
4584045275495164132
5243290619860620091
4871601439107233003
3232469603970132856
702547950326309215
897278448805862572
7738757244300397170
3803827000244688630
167857700590109488
8920413093116813117
