4495616927744388887
8017396301594104910
77969434041069557
6588860034422156258
8661710373593429174
5768898722988660344
4951088651951747196
3250931947838489553
7967129397566033795
6739082358839132793
6409917935605477463
5154611488729823927
2927893604072816825
8505888424920776278
1256446880116358182
5724046991354470030
6828410307733639007
2235114346225306560
3535946810382325023
6913309101395819715
1797791689342852750
4824492660187545320
8614738803864404437
3413571870736624135
5624047497271330078
3410010392909543745
1258418392774603760
6567484681969644171
5774628354914333364
6718353561499609629
1360786476014627769
606069295945594880
8282556609413052692
703792763638687794
2380024770864450272
6963343059073594688
3754548943131594603
3867511207824482561
6345832786047104332
5911645298218352047
690097016065451357
4690838063118197507
1457953053238433726
8802417453239267373
2781097515122559226
6575351064956364986
8808035648752294502
5962188613700678020
3883880400762221195
8137946267243513142
3547080360249433092
6574280136457254115
904117707197362405
3552722636758802829
8314400743596354913
2395107968891952183
1215874817316191370
1767334910915048075
5579467413613910140
5933787888034567958
1319929504031564465
1363609575946345014
3998345806017625158
7419268051981546259
771541341025244581
6477484474396844510
6506644767738062280
4089434583820117756
2516385332184109290
7814368297469518869
1097185695154681041
5597628447817620928
1010169366105205404
6649386272837624610
1111937365987587356
2250264456256289744
8438518848917487003
5694491596551245831
949285835681396337
3590197174593074446
9095901621413631874
7229851307319697437
1526028631972603501
4265188356343009982
7270800530913319442
3642850651342379838
8930218240608671896
7241489531210906954
4592622705799390710
2897174011753932873
7774488703816016832
4247692558083658995
4970065729965713586
8912104534312778909
5847896113951036229
95985767148787793
4475368969042454962
2800425917635706774
7405130889211561289
7186169241725301058
8807557077217896618
8371549606615649858
8130924390407297067
748837632820803470
7540370427948022427
2803635992385478967
4415302102137681509
2330271220263790904
2794821193642407482
6097742951741386394
5604751955105149045
5546816721223632131
59115267400445011
2092833780535402626
3420261569945604863
2192419254076983515
1642753549279650573
1284340557618948532
1561085892666058349
5258966621922259163
5742372706882098883
2352013551075153482
6278140834141879792
2444834739802156844
5630765821437374728
6838036663849447955
6908618162256055777
7279194666688051041
5131939134946666240
7340462464672535777
4034784449108015290
712939108374181084
6322528721910176122
4028828391226047981
3158305391875790210
17903176994998696
1111462307495075669
7728869093855716000
5175422406530003208
4575815681363796175
597359308735965592
2901891100032483740
8504859612911291659
2894878625902048193
7892251418552983470
7888905578013980681
5450043490896876944
8147642226999363832
1170162881161005563
7962812241853314882
6488806058022354053
2569693411763768332
3582554314755052778
495103493612422026
5150051356081643428
6103622663038166396
911175341372515555
237596709896421670
1866304235103112969
1257440843833328464
7963273771804230024
2936927302747070817
7848610585734756018
5827666873752832261
2384231167848098718
3751324130106506945
6137417744044150802
1623715890472319379
4931090872109831183
2691244634089053931
749738701134060568
870866761596525035
8072134606266604953
5275066336551135060
9021861355729538541
708456077719645194
5783784992927800717
3423142380127934231
6128085055432494426
4633191508512793872
1137854631932708262
3053326068282976039
2112162710793783423
8167583681802211195
6189184635488228
9202629462697564938
5529769564672362097
7252290020181322434
633686927959103982
1710893013729469447
591942163314098078
9073450611660858901
69023315099428765
4898868917253389506
3666155204674593703
5855396022266667683
1213381244083631756
4374453040671725244
3517905056222961204
3109370565923946771
2639599848557189137
568075341450465917
2175448986465734919
1309228191244843168
8332158577451550041
7582813112228791459
8600821585718625490
8980169744611013355
5103112378328221765
6921170271068875816
7094017071242928947
4854826405527999450
6537747533668089736
8225130971707756737
5188909723963602344
2775252142691716461
490061411989420630
6303979237199534450
5619700129371228787
8832878036069343138
5729042292345248096
2861229725173443967
3343683817261139802
2701855727409046830
1997748151489201605
5924099308848491457
1247749322560124860
1190204614935190600
1332506562747080418
6067690807956860926
2836375302061045225
8800961216538221699
6895435905997459511
9149535755774502317
2329994743570128981
3344317916517885157
2855323587427227608
5170929009723549245
445427698686090031
8011277470798082375
172490107185788738
617254974613765311
3147700600741487909
4070793911091023773
434182216807841952
2533115475620890279
6318714425348669834
7320746277095640394
3081906747056857810
6389296405398582154
6682136814885054504
435628615391471375
5986259903015954198
408638960714135772
1602808288466565768
5389473557350484868
3445092783512000940
3195963803398307576
5722739349171590910
1562111402735530749
7329089948501116384
8225561899818249429
6697010984325819132
1087383671533953660
5940164239482006176
6241161788093482999
2344403069219810660
5496646765825732438
1594214820360804584
3711938759607004162
6085028501467745294
7315810653910187435
4687810266277168331
5764387860194966768
6036372196140805695
7770309376365091565
2327426779253250601
8498327830129945176
8017168493853921345
1032807197142611154
7564500156906758476
6480795122794118045
2163818582268374572
5568061352042067097
1394319238126435726
5060117510905467014
5174018566923642010
7070712078596906141
1692268028633524396
7930410885412480055
7986652597853706613
3035426499256451051
411535342776054423
3395557275318591018
7838561480889303072
5259687158328248784
6354217444071690518
8082884271394252310
8276961607880948635
3939905765049138801
6511862734868703909
6526495689723674999
5950997531798776620
6132065048809823552
5342787415901446870
1988653286659128148
3697947747623607219
4989413539162061564
8465420519356126852
5126698765095997544
1430176797116678059
6040617101773815785
232415931597277380
8665656143806294515
3037373494927419942
3919046947721879915
2011629353721638422
3560480739703250648
7200005622005775983
5024760546985266460
4153733576995008824
3767546651503796512
1083515726795926699
6126720578552401916
4288677010302196381
6554290622665331577
6534166358836172755
2563732218939203323
8680135109313118018
4625495628530001979
4060635666841516764
3865495622916927585
7898373111417372251
3284277346982456584
1904128694005160364
7162153430119797511
7168545573584405780
852061497696818608
8569434958680785245
2615601635615497394
6727875614967344390
6856203471730760691
5330774068695344797
2239275647688368945
1781954709128910339
8841838754956732108
3299314393986220115
7952644412564513004
5292961000889087730
7963209211187251524
3377934215462289744
358671832471193330
2270859930018591614
453661562885532563
8921653430752922313
5662036050549865879
9047871476628504632
4207749817572201705
5569295453636547418
2803411222990147423
3671881703947159192
3162099443218043980
4224217742076144711
4955915260489121669
3265266751051709487
6125530989264286342
5668762792506434043
1805626469222282530
8349172845350381962
2747301392819677767
203739717746397519
7203333189889467485
2278879986717289017
7880246918091771154
3405393354311005352
3553062913311353752
6251500681810607872
1600264665542978823
529382684680682098
5566538132611115516
300443020351071576
3260514467820844871
3346210725538799507
2416029160133769780
2994435088933419454
6834216325933250842
6614041725972116225
6057443596656702060
1837653062754462261
4358846386318700582
5031071082126306307
3883999307784095826
6775404166614798858
1440626315899513154
380692892845867853
759015429566530875
6717084874898448249
6529295481958694177
5748875330772349301
7075717868046414598
3547807349969434082
4690714075624016499
3975589587057423617
5627956572261596728
8805542810476461162
7606722417916264186
7096751087830669975
749734466520260753
6155593218063242790
2552402889796383690
1850554866323046648
4292784639725460859
2323277626254061565
8629834830167601434
4677601785078614436
6793045104611570593
4101036886352388439
1241604972048729575
439864401486295902
6406546464787086766
4502270506929289800
5047920760989616588
7079975775243514939
7291395601200509549
4081218648586711176
935890850130481158
3640564078337100487
3126971654230911602
8602910586491382124
6544328723811349887
4883891884745403551
8053739488302934148
5603324891259342044
8200931714923412766
6076255830041656532
680849684595329825
4367971784881492025
6173563254979247732
9133731231738930755
6065322060749424234
6840787529076428445
1612170047646711001
8973473171057357838
7159036858077925460
2167694952397602406
6313654363633171869
1671715398713051316
7789609353960945749
1166522787842652707
1639198306727769815
8003876058296499749
2398493107967383789
7929816690942037250
643411905952145505
435375037012447120
2582774890194042455
8010206115991114908
2931700787389511460
1600916463266304814
7582270436753407633
4270184467678695017
5772897347883467902
5947761178516104673
2320660352631095102
3671816415595028482
8502215693821875785
156518154417306784
2371470705317182592
9217622441370781709
4861465493195123033
7113917066640409114
3870689250674014693
7387189617220615259
660063884818904123
728400612675012925
8362761937602070783
8114331204945264632
6524854685613724574
8380062141924962455
3370859617293040317
1457977622424007098
6879785974720756539
6622592622901833586
5688657652702428862
6390563721974113242
4043515125187835461
3887164221792362081
8532012871640971517
3355422299090035129
4826056578038394669
387677521315404645
8087408890524584787
1951336129768921331
5908523338315340527
353868720218013195
7214151578726390571
587818914672974580
5344329747288080264
1268181530818721742
4572677664562696559
2435897321788181953
959438860438105407
1685060943191169934
3564198163997509799
219623555765891472
7441733035840552295
1750459414337885819
4602220915537784358
6404690814040303954
6212321289060510448
6331027114459195061
7997213645004383451
1268868623174120875
2001163386895796516
2838620381494199025
1046373647410756392
2876641396908493580
2655551449988099673
2891447783719198141
6349897058483287446
7895093337131612156
2096279597575794461
7820872046544762888
82900367791412732
8568890276975323044
7495169934863947454
2456733034072110183
5038644300829844770
5893681131226524689
7087142225612021378
3480070607242830376
3388291493811480185
238664488567771058
2497371401157014973
3863745041403045282
4860832648107154301
3535373459785477642
3531736244644343670
3799210259171105962
5781172669271568023
4237208331766124288
2116224565843398556
1212483502804420976
5132980282695431594
7151665433617769523
5555183239801907705
7026325503733440803
5872785233948107987
8431774093630797207
8118271250250949699
5951344885771487695
8988401218159746589
6373668454685264853
7833803732438857053
7981328421423863995
1506727543835292947
3214467769327110934
1791186379175116736
4857542370382333633
834375680139322946
8890010420117081348
3275195720355283168
1572472617053634958
8058370627964727606
4192971195297517403
7738610764173460191
766062666099070860
8988059493925262918
8224085769234889004
3685879969958011900
7993726243535121203
640413871548182050
7290922936008974524
6865540185089933794
372328754077427279
3348341593477080535
143628328137064557
405166147088772913
921397541366349590
5457152248024847518
5060571233487813124
4702481930829436688
8661394039676626858
3640619161169610845
3172136570159918559
8647793705232471910
4439533584238802081
3688365267817450987
3588799892649224038
7567652747887251228
3078471921624877886
5781958000947399451
5658929140202457672
6733512754323288225
5080649451069713175
1025238454942677467
2858742609722949283
4735616172107109976
5835851566936301413
3731959548357946241
57398066304502680
6300518921534824755
4523440705998926137
2494928583493991971
8604548617657229860
8466762496472145254
8881332550639367706
579699810241036212
7435730583667203178
2405498340515489956
3446778173840763694
5074885713753634126
3535633949870649862
4721103760946341789
1756509039598771795
9166974588863061969
5819037164640565651
2668079892156577298
5481959550428380487
3639591549309973248
5963911424492706684
1775383811821843904
2921406738993623174
6378125746209353708
5661574253002921652
3857625509928834983
5362072916306509957
9132645110854130721
6496178523148228328
336638750872071242
5114895092971366589
4562075779813447789
1209915578020312753
4538621983271535542
2365286073750626121
690750946200520728
1982289930928569332
6923916991386841317
8483914629228292444
4846001554556494933
328459196467479886
8370644630479385552
3872253414954173635
4413358923528120989
2461235182231362525
5822139176603931762
6117208761908329521
5815537685054873773
1533889578775742729
549910819310399984
3930115879744702085
6071907207851233038
254813269332589032
634885041333695628
3091177937910695926
8516077050237046716
6982608969328814764
3191998148273803561
3566584639317509261
8077047991681787620
9118667200479424558
7171079605687328424
2023251621900843695
2510033161973183389
2004237475107835492
8891423994075623886
3429136012962338988
7871382266402971871
6935214048989140207
4317512528546731828
3591526097231640613
5047888896454536395
2167319510402209151
4707858447230477561
2233920271329251872
8766058353817015170
8507608854713673463
775047340121703893
5139976702474016128
3923772302495692943
5691162586613058754
1458202636829254468
7800773306543890939
8039677572073384429
4539449489096949648
6065106176142099201
2717710842795009632
7250279781169967921
7129864690987731430
2968089453831674532
1474734894613387940
758066869597829652
6539961607462356920
5397724106638405634
6042682683105108143
476211692205516487
929687366783731525
1772820966746215115
2183771390526254368
7044888265565628629
983471805589363693
3579318714953473731
1930102794428420141
5274492481799683800
8044024969063776563
5872125444877570785
2096923678986424156
5282955234130462432
3230483439218531204
1624169406919510378
8367989891685458367
8914706963348889876
2667443238591216523
5408753060304863612
4993152476308951116
1605039772841242844
2960602479172869343
2522784963800367224
6627186470075867499
2963134063584522271
3225628050531859010
5542168773639610876
5865076027044997091
3413367480394727225
3253896714208825442
2936568666463065874
7070197617725406485
4119732810939429768
142197829965993522
1167334361838435269
3657807124051413695
438338303472860633
207180954008390231
8784446374157663899
3269228625566722933
2316251343507271345
5261776980794227355
952595327796313440
6453071691693676014
4670463485380427700
5213664349412884506
1916002455574341330
7278536861126238669
820296156483092576
1807458721563446279
3171352495811096890
8150431735258600348
6755770887242708623
6685782355537847402
8879907443535184141
2896302918021226581
5569245540770174606
7624910531197069792
4113761667891995140
3559981029662795685
6572054299535691246
8910024474152425116
2592101634043216867
5063380017559798390
3328799826129103243
1345666392434539481
5622901830050973169
3497487561721080315
1544602222495395454
7263578751567537521
6367107218350529435
3543564270636905579
5847943427464531976
7946788631064049975
4216043205304643762
7579010561661036267
6459012332066344974
6457978554223031360
8154494122683845136
5619693332578491807
229720209400661206
6282796975539347420
4310858880625676911
5649381919972607265
9204108876103792199
5158312961618348300
1828624517389718098
9135296044294933955
6612763208767718865
5435810487764518745
7291765108610946915
8994656929257755763
3042364658025524369
3643801745221603495
734247018440508822
2116624151360685160
4529840274674446662
7325702535036221088
1574205893613908023
4425773473357757740
2539811472975184312
2936446169414203095
234010337904647537
5855757068265872506
1713583946665356387
8173913255873707791
7014407494151575596
4558042366158218518
5495238391539893984
5557212344316248405
17785587070622609
7326636068368638869
1252425777423799188
3165984622586791227
243985276903061082
6685936067082412892
5620651728591036528
2080700648906296531
2456053959374094025
454669133815112551
7364839206946068978
834783438852640528
5954196396583941552
2369103289169322485
6265663170667763847
7666951021107903118
1356540444753098243
3735535845674026606
7499887980533198987
7502964905992651071
6889610757997997855
7912244056839877213
7799612628260403881
757775298924963533
699725610741968979
6302800274219732221
8573357188460211340
4748250575253845378
8877320412387486456
8535075712685528742
7725233851458110903
3741271090264446658
4848781683396360297
7280945988989271347
3027186573894007394
2336541296362391966
5437373943759206973
3988238601439908452
8588074213591983888
3642302952172299055
355901052797412503
7830390484204288872
8167527844765185193
9085513683864026324
4483961738120402397
584850709362563625
5198519071041577373
5456995807558789984
8807196484505160337
8168738415313804937
5988104976475208601
6518996060492195138
2333260604199983728
5583994613274906692
1451456300119134493
1504093250748654492
498484842137530866
2849401831467916568
4947254071668742570
6331956023485081762
7948391008997413934
7805243522259839272
8734091084955693002
1419595232992902638
8989218333134317689
6709757218607616601
7757782647326187601
2967951261235314146
5460291504232219337
7384737278589945013
4827387187070341411
3588964854956702861
8150057068291525347
523950868459787773
6747170891507834488
5767878618516548204
6936202499800658059
1336079142643433206
7921684734192771099
4590505922798690708
1923432220599707777
1943244191754248347
889444154092901126
2912725302004351610
5974672693688596099
2697483646961009648
3741650473215963899
7260080014690794303
3594332290881897422
3862871947729886013
1569276556251749823
4963244214524231672
2650244046983335987
7696777604811807054
3769957335299824309
5057874624872964747
7392359407559303231
7338992473597006347
5562681921560599609
21385479343743065
614416446568551186
3488855505385551295
2435852421852708278
1670683271194855594
6447387636128762596
670366713369889558
677952647981926022
1956344832384743861
8763714403682373629
1959928504762752622
3689485275190120272
8965265479607181146
6072105580265651297
2473938850076453464
8409791721258193366
2877666174589332150
1628358240653253413
6411392317646610106
834875251369572163
1909960324755048933
2693782024473748376
3537848812583687201
6269913691933451837
1220484419435633639
8210777929419332358
2549390792658023956
6218236587893592258
7164445311148073269
1409275566773088849
6560256189548041956
4017770887129068909
8504218628707879497
8839310076330807763
8302981483024939979
4407271425323855114
8269408538976174869
1172850119896296872
4165290422616892326
31364736104613966
1108997870095430221
3207828363404905869
2418983199998897087
6570879117481077947
691425280104172538
7868882635300140697
8497028549634795856
6634108964656302124
6758801069830093227
6313761922261932876
3389777579776316789
6627581250373819713
3563847272664027141
384125654945368803
4963417454832598378
8996517955695844223
809882534882308787
5737935923774177797
5404590166662321395
8164529910145952859
7651568542709867259
7055886566182392086
4401088925140803174
6146146040781670883
1362487668186865749
8109733213334650672
6196649336237593649
4244640947110233682
8494625074134676265
3251860609245786233
6221415855771529698
7668152979706780040
7676465458251302264
550072354967276696
2896507845958720259
7283745205327602066
4906501137962666582
8451644137580090385
77637315446116393
8016485696145536394
5675255485914964530
3349403537334476134
1537556595115560553
8566438954195525937
7368687812707672514
5679174475183456174
4109834663199238472
2779376290343089471
8597545511159368525
652021622604527834
759828113298987997
2889266061242962892
8828394567280204307
2436042531599999484
1952505513005224040
5478812650939756451
